2396
2349
2296
2238
2177
2113
2050
1988
1927
1871
1820
1773
1735
1703
1682
1668
1663
1670
1686
1711
1744
1785
1833
1886
1944
2005
2069
2132
2194
2254
2311
2363
2408
2446
2477
2500
2513
2518
2511
2495
2470
2436
2397
2349
2296
2238
2177
2114
2050
1988
1928
1871
1819
1773
1735
1703
1681
1668
1665
1670
1686
1711
1743
1785
1833
1887
1945
2005
2068
2131
2194
2254
2310
2362
2408
2446
2477
2500
2513
2519
2511
2495
2470
2436
2396
2348
2295
2237
2177
2113
2050
1987
1928
1871
1819
1772
1733
1702
1681
1667
1662
1670
1687
1711
1745
1785
1833
1887
1945
2005
2068
2132
2194
2255
2311
2363
2408
2446
2478
2500
2514
2519
2511
2495
2470
2436
2396
2349
2296
2237
2177
2113
2050
1987
1928
1870
1819
1773
1734
1702
1681
1667
1663
1670
1686
1711
1745
1785
1833
1886
1945
2005
2069
2132
2194
2254
2311
2363
2408
2447
2477
2500
2514
2519
2511
2495
2469
2436
2397
2349
2296
2237
2176
2113
2050
1987
1927
1870
1818
1773
1734
1703
1681
1667
1663
1670
1686
1710
1744
1785
1833
1886
1944
2005
2069
2132
2194
2254
2312
2363
2408
2447
2477
2500
2513
2518
2511
2495
2470
2436
2397
2349
2296
2238
2177
2113
2050
1988
1928
1871
1819
1773
1736
1703
1681
1668
1663
1670
1686
1711
1744
1785
1833
1887
1944
2005
2068
2131
2193
2253
2311
2362
2408
2446
2478
2500
2513
2518
2511
2495
2470
2437
2397
2349
2297
2238
2177
2114
2052
1988
1928
1871
1821
1773
1735
1703
1682
1668
1663
1670
1686
1710
1744
1785
1832
1885
1943
2005
2069
2130
2193
2253
2311
2362
2408
2446
2477
2500
2513
2518
2512
2495
2470
2437
2397
2349
2297
2239
2177
2114
2052
1988
1927
1872
1819
1773
1735
1703
1681
1668
1663
1670
1688
1710
1744
1785
1832
1885
1945
2004
2068
2130
2193
2253
2310
2362
2408
2445
2477
2500
2513
2519
2511
2495
2467
2437
2396
2349
2296
2239
2177
2114
2051
1988
1928
1872
1820
1773
1735
1703
1681
1668
1663
1670
1686
1711
1744
1785
1832
1886
1944
2005
2068
2131
2193
2254
2311
2362
2408
2446
2479
2500
2514
2519
2512
2495
2470
2437
2397
2349
2296
2238
2177
2114
2051
1989
1929
1871
1819
1773
1735
1703
1681
1668
1662
1670
1686
1710
1744
1785
1832
1885
1943
2004
2068
2131
2193
2254
2311
2362
2408
2446
2477
2500
2513
2519
2511
2495
2470
2436
2397
2349
2296
2238
2179
2114
2051
1988
1928
1871
1820
1773
1735
1703
1681
1668
1663
1670
1686
1710
1744
1785
1832
1885
1943
2004
2068
2130
2193
2254
2307
2362
2407
2446
2479
2500
2514
2518
2511
2495
2471
2436
2397
2350
2297
2239
2178
2116
2052
1989
1928
1872
1820
1773
1735
1703
1683
1668
1663
1670
1686
1710
1741
1785
1831
1885
1943
2004
2067
2130
2193
2253
2311
2361
2408
2445
2477
2499
2515
2519
2511
2495
2471
2437
2397
2350
2297
2239
2178
2116
2052
1989
1931
1872
1821
1774
1735
1704
1681
1668
1663
1670
1686
1710
1743
1784
1831
1885
1943
2004
2067
2129
2193
2253
2310
2361
2407
2445
2478
2499
2513
2519
2512
2495
2471
2437
2397
2350
2297
2239
2178
2116
2052
1989
1931
1872
1821
1774
1735
1704
1682
1668
1663
1670
1686
1710
1745
1784
1831
1884
1942
2003
2066
2129
2192
2252
2309
2361
2407
2445
2477
2499
2513
2519
2511
2497
2471
2438
2398
2350
2298
2240
2179
2116
2053
1990
1930
1873
1821
1775
1736
1704
1682
1668
1664
1670
1685
1709
1743
1783
1831
1884
1942
2003
2066
2129
2193
2252
2309
2361
2406
2445
2476
2499
2513
2519
2511
2496
2471
2437
2398
2351
2298
2241
2179
2116
2053
1991
1930
1873
1821
1775
1736
1704
1682
1668
1663
1670
1686
1709
1742
1783
1831
1883
1941
2002
2065
2129
2192
2252
2309
2361
2406
2445
2477
2499
2513
2519
2512
2497
2471
2438
2398
2351
2300
2241
2179
2116
2053
1991
1930
1873
1821
1775
1736
1704
1682
1668
1663
1670
1685
1709
1743
1784
1831
1884
1941
2003
2065
2129
2192
2252
2308
2361
2406
2445
2476
2499
2513
2519
2511
2496
2471
2438
2398
2351
2297
2241
2179
2116
2053
1990
1930
1873
1821
1775
1735
1704
1682
1668
1663
1670
1685
1710
1743
1784
1831
1884
1942
2003
2066
2129
2192
2252
2309
2361
2407
2445
2476
2499
2513
2519
2511
2496
2471
2438
2398
2351
2295
2240
2179
2116
2053
1990
1930
1873
1821
1775
1736
1704
1682
1668
1661
1670
1686
1709
1743
1783
1832
1884
1943
2003
2066
2129
2192
2252
2308
2361
2402
2445
2477
2499
2513
2519
2511
2497
2471
2438
2398
2351
2298
2241
2178
2116
2053
1991
1927
1873
1821
1775
1736
1704
1682
1668
1663
1670
1685
1709
1742
1783
1827
1883
1941
2002
2065
2129
2191
2251
2308
2360
2406
2445
2476
2499
2513
2519
2511
2497
2471
2438
2400
2351
2298
2241
2180
2117
2053
1992
1930
1873
1821
1775
1736
1704
1682
1669
1665
1670
1685
1709
1742
1783
1830
1884
1941
2002
2065
2129
2191
2251
2308
2360
2406
2445
2474
2499
2513
2519
2512
2497
2471
2438
2399
2351
2299
2241
2180
2117
2054
1991
1931
1874
1824
1776
1737
1704
1682
1668
1663
1669
1685
1709
1744
1782
1829
1883
1940
2001
2062
2128
2189
2251
2308
2360
2405
2444
2476
2499
2513
2518
2511
2497
2471
2439
2399
2352
2299
2241
2179
2117
2052
1992
1932
1874
1822
1776
1736
1705
1682
1668
1663
1669
1685
1709
1742
1782
1830
1883
1940
2001
2064
2128
2190
2250
2307
2359
2405
2445
2476
2499
2513
2519
2511
2496
2472
2439
2399
2352
2299
2242
2180
2117
2054
1992
1928
1874
1822
1775
1736
1704
1682
1669
1664
1669
1686
1709
1743
1782
1828
1883
1940
2001
2064
2128
2191
2250
2308
2360
2405
2444
