2449
2451
2452
2455
2457
2458
2462
2462
2463
2464
2466
2466
2467
2468
2467
2468
2469
2468
2468
2467
2467
2466
2466
2465
2465
2463
2462
2460
2458
2456
2454
2452
2451
2447
2445
2442
2439
2437
2433
2431
2427
2423
2419
2414
2410
2406
2403
2397
2393
2387
2383
2378
2373
2367
2363
2357
2351
2345
2340
2334
2328
2321
2316
2309
2303
2297
2292
2284
2277
2270
2264
2257
2250
2243
2236
2229
2222
2216
2209
2201
2194
2186
2179
2172
2165
2157
2150
2142
2135
2127
2120
2113
2105
2097
2088
2082
2074
2067
2060
2052
2045
2037
2030
2022
2015
2007
2000
1993
1985
1978
1972
1964
1959
1950
1943
1936
1930
1923
1917
1909
1903
1896
1890
1884
1877
1871
1867
1860
1854
1848
1841
1836
1831
1825
1821
1815
1810
1805
1800
1795
1791
1786
1782
1778
1773
1769
1766
1761
1759
1755
1752
1749
1745
1742
1740
1737
1735
1732
1730
1728
1726
1725
1723
1721
1720
1719
1718
1717
1716
1716
1715
1715
1714
1715
1715
1715
1715
1716
1717
1717
1719
1719
1721
1722
1724
1725
1729
1730
1733
1735
1739
1740
1743
1745
1748
1751
1754
1759
1762
1766
1771
1775
1779
1783
1788
1793
1797
1803
1808
1812
1816
1824
1831
1835
1840
1846
1853
1858
1865
1871
1877
1883
1890
1896
1904
1910
1917
1922
1930
1937
1944
1951
1959
1965
1973
1980
1987
1994
2002
2009
2016
2024
2031
2039
2044
2054
2062
2070
2077
2085
2093
2100
2108
2115
2123
2130
2138
2145
2154
2161
2169
2176
2183
2191
2198
2205
2213
2220
2227
2234
2241
2248
2255
2262
2269
2275
2282
2289
2295
2301
2308
2313
2320
2326
2332
2337
2343
2349
2354
2360
2365
2370
2375
2381
2385
2391
2393
2399
2404
2408
2412
2416
2420
2423
2427
2430
2434
2436
2440
2442
2445
2448
2450
2452
2455
2457
2458
2460
2461
2463
2464
2465
2466
2466
2467
2468
2468
2468
2469
2468
2468
2467
2466
2466
2465
2465
2464
2461
2461
2459
2457
2455
2453
2450
2448
2446
2444
2440
2437
2434
2432
2429
2425
2421
2417
2412
2407
2403
2399
2394
2389
2385
2379
2374
2368
2365
2359
2353
2348
2342
2336
2330
2323
2317
2312
2305
2299
2292
2287
2279
2273
2266
2259
2253
2245
2239
2232
2224
2218
2210
2203
2196
2189
2181
2175
2167
2161
2152
2145
2137
2129
2122
2115
2107
2099
2092
2085
2077
2069
2062
2054
2047
2039
2032
2024
2017
2012
2002
1994
1988
1981
1973
1966
1959
1952
1945
1938
1931
1925
1919
1911
1905
1898
1892
1886
1880
1873
1867
1861
1855
1849
1844
1837
1832
1825
1822
1817
1811
1808
1801
1797
1792
1788
1783
1778
1775
1771
1767
1764
1759
1756
1753
1749
1746
1744
1741
1738
1736
1733
1731
1729
1728
1725
1724
1723
1721
1720
1718
1718
1717
1716
1715
1713
1714
1715
1715
1715
1715
1716
1716
1717
1718
1719
1721
1722
1724
1726
1727
1729
1732
1734
1736
1738
1741
1744
1747
1751
1753
1757
1761
1764
1769
1775
1778
1782
1787
1791
1796
1801
1806
1809
1817
1823
1827
1833
1839
1844
1850
1857
1863
1867
1875
1882
1888
1895
1900
1908
1915
1921
1928
1935
1941
1949
1956
1963
1970
1977
1985
1992
2000
2007
2014
2022
2029
2037
2044
2052
2059
2067
2075
2083
2091
2097
2105
2113
2121
2128
2136
2144
2151
2159
2166
2174
2181
2190
2196
2204
2210
2217
2225
2232
2239
2247
2253
2261
2267
2273
2280
2287
2293
2299
2306
2312
2319
2324
2330
2337
2342
2348
2353
2361
2364
2369
2375
2379
2384
2389
2394
2399
2402
2407
2411
2415
2418
2423
2426
2430
2433
2436
2438
2442
2444
2446
2449
2453
2453
2456
2457
2459
2461
2462
2463
2465
2465
2463
2467
2468
2468
2468
2468
2468
2468
2468
2467
2466
2465
2465
2464
2462
2461
2459
2457
2455
2453
2451
2449
2446
2443
2441
2438
2433
2433
2429
2426
2421
2417
2413
2408
2404
2400
2396
2391
2388
2381
2378
2371
2366
2360
2355
2349
2343
2338
2331
2325
2320
2313
2307
2301
2294
2287
2281
2274
2268
2261
2255
2247
2240
2233
2226
2219
2213
2205
2198
2191
2184
2177
2169
2162
2154
2147
2140
2132
2124
2116
2109
2101
2096
2086
2079
2072
2064
2056
2050
2041
2034
2026
2019
2012
2005
1997
1990
1983
1975
1968
1961
1954
1947
1939
1933
1926
1921
1913
1907
1900
1894
1888
1881
1875
1869
1863
1857
1851
1845
1840
1834
1828
1824
1818
1813
1808
1803
1798
1793
1788
1786
1780
1776
1772
1768
1764
1762
1757
1753
1751
1747
1744
1741
1739
1736
1733
1732
1729
1728
1726
1724
1723
1721
1720
1720
1718
1717
1716
1715
1715
1715
1715
1713
1715
1715
1716
1716
1717
1718
1720
1721
1721
1723
1725
1727
1729
1731
1733
1736
1738
1741
1743
1746
1749
1752
1756
1760
1764
1768
1772
1777
1781
1785
1791
1795
1800
1805
1810
1815
1820
1826
1832
1837
1843
1849
1855
1861
1867
1874
1880
1884
1892
1900
1906
1912
1919
1926
1933
1940
1946
1954
1961
1968
1976
1983
1990
1998
2005
2012
2020
2027
2034
2044
2050
2057
2065
2073
2081
2089
2095
2103
2111
2119
2126
2134
2141
2149
2157
2164
2172
2179
2186
2195
2201
2208
2216
2223
2230
2237
2244
2251
2257
2265
2271
2278
2285
2292
2298
2304
2310
2317
2322
2329
2334
2340
2346
2352
2357
2363
2368
2371
2377
2383
2387
2393
2397
2402
2405
2410
2413
2418
2421
2425
2429
2433
2435
2435
2441
2444
2446
2449
2450
2453
2455
2457
2459
2460
2462
2464
2464
2465
2466
2467
2467
2468
2468
2469
2468
2468
2467
2467
2467
2466
2465
2464
2463
2461
2460
2458
2456
2454
2452
2449
2447
2445
2442
2439
2436
2433
2431
2427
2423
2419
2414
2410
2405
2401
2397
2392
2387
2383
2377
2372
2367
2362
2356
2351
2345
2336
2333
2327
2321
2315
2308
2303
2296
2290
2283
2276
2269
2263
2256
2249
2243
2236
2228
2221
2215
2207
2200
2193
2185
2179
2171
2164
2157
2149
2141
2134
2127
2119
2112
2105
2096
2089
2081
2073
2066
2059
2051
2043
2036
2029
2021
2014
2006
1999
1991
1985
1977
1970
1963
1956
1949
1942
1935
1930
1922
1915
1908
1902
1896
1889
1883
1876
1870
1865
1858
1853
1847
1841
1836
1830
1825
1820
1814
1810
1805
1799
1795
1792
1786
1781
1777
1772
1769
1762
1761
1760
1755
1751
1748
1745
1742
1740
1737
1735
1733
1730
1728
1727
1725
1725
1721
1720
1719
1718
1717
1716
1716
1715
1715
1715
1715
1714
1714
1716
1716
1717
1717
1718
1720
1721
1723
1725
1727
1729
1730
1732
1735
1737
1740
1743
1746
1749
1752
1755
1759
1762
1767
1769
1775
1781
1784
1789
1794
1798
1803
1808
1813
1819
1824
1829
1835
1841
1847
1853
1859
1865
1871
1878
1884
1891
1897
1904
1911
1917
1924
1931
1937
1945
1952
1959
1966
1973
1981
1988
1995
2002
2010
2017
2025
2033
2041
2047
2055
2063
2071
2078
2085
2093
2101
2109
2116
2124
2131
2139
2146
2154
2162
2169
2177
2184
2191
2201
2206
2213
2221
2228
2235
2242
2249
2256
2263
2270
2276
2283
2289
2296
2302
2308
2314
2321
2327
2333
2338
2346
2350
2358
2361
2367
2372
2376
2381
2386
2391
2396
2401
2404
2408
2413
2417
2421
2424
2429
2431
2433
2437
2440
2443
2444
2448
2450
2452
2455
2457
2458
2460
2462
2463
2464
2465
2466
2466
2463
2468
2468
2468
2470
2468
2468
2467
2467
2466
2465
2465
2463
2461
2460
2458
2457
2455
2453
2450
2448
2445
2442
2440
2437
2434
2430
2428
2424
2419
2416
2411
2407
2402
2398
2393
2389
2384
2379
2374
2369
2363
2358
2352
2347
2341
2335
2329
2323
2317
2311
2304
2298
2292
2285
2279
2273
2265
2259
2251
2244
2237
2230
2224
2216
2209
2203
2195
2188
2181
2173
2166
2159
2151
2143
2136
2129
2121
2113
2106
2099
2091
2083
2076
2069
2061
2054
2046
2039
2031
2025
2016
2009
2001
1994
1987
1980
1972
1965
1958
1951
1944
1937
1931
1924
1918
1911
1904
1897
1891
1885
1879
1873
1866
1860
1855
1848
1843
1837
1832
1827
1822
1816
1810
1807
1801
1796
1792
1787
1783
1779
1774
1770
1766
1763
1759
1754
1753
1749
1746
1743
1741
1738
1734
1733
1731
1729
1726
1727
1724
1722
1721
1720
1718
1717
1716
1716
1716
1715
1715
1716
1714
1714
1715
1716
1717
1717
1718
1720
1721
1722
1724
1726
1728
1730
1732
1734
1736
1739
1742
1745
1747
1751
1753
1758
1761
1765
1770
1774
1778
1784
1787
1793
1796
1799
1807
1812
1817
1823
1828
1834
1840
1845
1851
1857
1863
1870
1876
1883
1889
1895
1902
1909
1915
1921
1928
1936
1942
1950
1957
1964
1971
1979
1985
1994
2001
2008
2015
2023
2031
2038
2045
2053
2061
2069
2076
2084
2091
2099
2106
2114
2121
2129
2137
2145
2152
2160
2167
2175
2182
2189
2197
2204
2212
2219
2226
2233
2240
2247
2254
2260
2268
2274
2281
2287
2294
2300
2306
2313
2319
2326
2331
2337
2343
2348
2354
2360
2365
2370
2375
2380
2385
2390
2394
2398
2404
2408
2411
2416
2418
2423
2427
2431
2433
2436
2439
2439
2445
2447
2449
2452
2454
2456
2457
2460
2461
2463
2464
2465
2466
2466
2467
2469
2468
2469
2468
2468
2468
2468
2467
2466
2465
2465
2463
2463
2461
2459
2457
2455
2453
2450
2449
2446
2443
2441
2437
2434
2433
2425
2425
2421
2417
2413
2408
2404
2399
2395
2390
2385
2380
2375
2369
2365
2360
2354
2348
2343
2337
2331
2325
2319
2312
2306
2300
2293
2287
2280
2273
2269
2260
2253
2247
2240
2233
2226
2219
2212
2204
2197
2190
2183
2175
2169
2161
2153
2146
2139
2131
2123
2116
2109
2100
2092
2086
2079
2071
2061
2055
2048
2040
2033
2025
2018
2011
2003
1996
1989
1981
1975
1967
1960
1953
1946
1939
1932
1925
1919
1912
1904
1899
1890
1886
1881
1874
1869
1862
1856
1850
1844
1839
1834
1828
1823
1817
1812
1807
1803
1797
1793
1788
1784
1780
1776
1771
1768
1764
1761
1757
1753
1749
1748
1744
1741
1738
1736
1733
1731
1729
1728
1725
1723
1722
1721
1719
1718
1717
1717
1716
1715
1716
1716
1715
1715
1715
1715
1716
1716
1717
1718
1719
1721
1721
1723
1725
1727
1729
1731
1733
1736
1738
1742
1744
1746
1749
1753
1756
1760
1764
1768
1773
1777
1782
1786
1791
1796
1800
1805
1810
1816
1821
1827
1832
1837
1844
1849
1856
1861
1868
1874
1881
1887
1893
1900
1906
1913
1920
1927
1933
1941
1948
1954
1962
1969
1976
1984
1991
1998
2005
2013
2021
2029
2036
2044
2051
2059
2066
2074
2081
2089
2096
2105
2112
2120
2127
2135
2143
2151
2157
2165
2172
2180
2187
2195
2202
2210
2216
2223
2231
2238
2245
2252
2259
2265
2272
2278
2286
2292
2299
2306
2311
2317
2323
2329
2335
2341
2347
2353
2358
2363
2368
2373
2378
2383
2388
2393
2397
2402
2406
2410
2414
2419
2422
2426
2429
2433
2435
2438
2441
2444
2447
2445
2451
2453
2456
2458
2459
2461
2462
2463
2464
2465
2466
2467
2468
2468
2468
2468
2468
2468
2468
2467
2466
2466
2465
2464
2463
2461
2460
2458
2456
2453
2451
2449
2447
2445
2441
2438
2436
2433
2429
2423
2422
2418
2413
2409
2405
2402
2396
2391
2387
2382
2376
2372
2366
2362
2355
2349
2344
2338
2332
2327
2320
2314
2308
2302
2295
2289
2282
2276
2269
2262
2255
2249
2241
2235
2228
2221
2213
2206
2199
2192
2185
2177
2170
2163
2155
2148
2141
2133
2126
2118
2111
2103
2096
2088
2081
2073
2065
2057
2050
2044
2035
2029
2020
2013
2005
1999
1991
1984
1977
1970
1962
1955
1949
1941
1935
1928
1921
1917
1908
1901
1895
1889
1882
1876
1870
1864
1858
1852
1846
1841
1835
