2101
2100
2101
2101
2101
2100
2101
2101
2102
2101
2101
2101
2103
2102
2102
2102
2100
2102
2102
2102
2102
2102
2103
2103
2103
2103
2104
2103
2103
2103
2103
2103
2104
2104
2104
2104
2104
2104
2105
2105
2102
2105
2105
2105
2105
2105
2105
2105
2105
2105
2105
2105
2106
2105
2105
2105
2106
2106
2106
2106
2106
2106
2107
2107
2106
2107
2107
2107
2108
2107
2108
2107
2107
2108
2105
2108
2108
2107
2109
2108
2108
2108
2109
2108
2108
2109
2108
2109
2109
2109
2109
2109
2109
2109
2109
2110
2109
2109
2109
2110
2110
2110
2111
2110
2110
2110
2111
2111
2111
2111
2111
2111
2111
2111
2111
2111
2112
2112
2112
2112
2112
2112
2112
2112
2113
2112
2112
2112
2112
2113
2112
2112
2113
2113
2113
2113
2113
2113
2113
2113
2113
2113
2113
2113
2114
2113
2113
2114
2114
2114
2114
2114
2114
2114
2114
2114
2115
2115
2115
2115
2115
2115
2115
2116
2115
2115
2116
2116
2116
2116
2116
2116
2116
2116
2117
2116
2116
2116
2117
2116
2116
2117
2117
2117
2119
2117
2117
2117
2117
2117
2117
2117
2118
2118
2118
2117
2118
2118
2118
2118
2118
2118
2119
2119
2119
2118
2119
2119
2119
2119
2120
2119
2120
2119
2120
2119
2120
2120
2119
2120
2120
2120
2120
2120
2120
2120
2121
2120
2120
2121
2121
2121
2121
2120
2121
2121
2121
2121
2121
2121
2122
2122
2121
2121
2122
2122
2122
2122
2122
2122
2122
2122
2123
2122
2122
2122
2122
2122
2123
2123
2122
2123
2123
2123
2123
2123
2123
2124
2124
2124
2124
2124
2125
2124
2124
2124
2125
2124
2124
2125
2124
2124
2125
2125
2127
2125
2125
2125
2125
2125
2126
2125
2125
2125
2125
2125
2126
2125
2125
2126
2126
2126
2127
2126
2127
2126
2126
2126
2127
2126
2127
2127
2127
2127
2127
2127
2127
2127
2127
2127
2128
2128
2128
2128
2128
2128
2128
2128
2128
2128
2128
2128
2128
2128
2128
2128
2128
2128
2128
2129
2129
2129
2129
2129
2128
2129
2129
2129
2129
2129
2130
2130
2130
2130
2129
2130
2130
2129
2130
2130
2129
2130
2130
2130
2127
2130
2131
2130
2131
2131
2131
2131
2132
2131
2131
2131
2131
2131
2131
2131
2131
2131
2132
2131
2133
2132
2132
2132
2132
2132
2132
2132
2132
2132
2132
2132
2132
2132
2132
2132
2133
2133
2133
2133
2133
2133
2133
2133
2132
2133
2132
2133
2133
2133
2134
2134
2134
2134
2134
2133
2134
2134
2134
2133
2136
2135
2134
2135
2134
2135
2134
2135
2135
2134
2135
2135
2135
2135
2135
2135
2135
2136
2135
2135
2137
2136
2135
2135
2136
2136
2135
2136
2136
2136
2136
2136
2136
2136
2136
2137
2136
2136
2136
2137
2137
2137
2137
2137
2137
2137
2137
2137
2137
2137
2137
2137
2137
2137
2139
2137
2138
2137
2139
2137
2138
2138
2138
2137
2138
2138
2138
2138
2138
2138
2138
2138
2138
2138
2138
2138
2138
2138
2138
2138
2138
2139
2139
2138
2139
2139
2138
2139
2139
2139
2139
2139
2139
2139
2139
2139
2140
2139
2141
2139
2140
2140
2140
2140
2140
2140
2140
2140
2140
2140
2140
2140
2140
2141
2140
2141
2141
2141
2141
2141
2141
2141
2143
2141
2141
2141
2141
2141
2141
2141
2141
2141
2141
2141
2141
2142
2142
2141
2141
2141
2141
2141
2143
2141
2141
2142
2142
2142
2142
2142
2142
2143
2142
2142
2142
2142
2142
2142
2143
2142
2143
2143
2143
2142
2142
2142
2142
2143
2143
2142
2143
2143
2143
2143
2143
2143
2143
2143
2143
2143
2143
2143
2144
2143
2144
2144
2141
2143
2145
2144
2144
2143
2144
2144
2144
2144
2141
2144
2144
2145
2145
2145
2145
2144
2145
2145
2145
2144
2145
2145
2145
2145
2145
2145
2142
2145
2146
2145
2145
2145
2145
2145
2145
2145
2145
2145
2145
2145
2148
2145
2146
2145
2146
2145
2145
2145
2145
2145
2145
2145
2146
2145
2145
2145
2146
2146
2146
2145
2145
2146
2146
2146
2148
2146
2147
2146
2146
2146
2146
2146
2146
2146
2148
2146
2148
2146
2146
2146
2147
2146
2147
2146
2147
2146
2147
2146
2147
2147
2147
2147
2147
2147
2147
2147
2147
2147
2147
2147
2147
2146
2147
2147
2147
2147
2148
2147
2147
2147
2147
2147
2148
2147
2148
2147
2147
2148
2147
2147
2147
2148
2148
2148
2148
2148
2148
2147
2148
2148
2148
2147
2148
2148
2148
2148
2148
2148
2148
2148
2148
2148
2148
2148
2148
2148
2149
2148
2148
2148
2148
2148
2148
2148
2148
2148
2149
2148
2148
2148
2149
2148
2149
2148
2148
2148
2148
2148
2145
2148
2149
2149
2149
2149
2149
2148
2148
2149
2149
2148
2149
2148
2148
2149
2149
2149
2149
2149
2149
2149
2149
2149
2151
2149
2149
2149
2149
2149
2149
2149
2149
2149
2149
2149
2149
2149
2150
2149
2149
2149
2149
2149
2150
2149
2149
2149
2149
2149
2149
2149
2149
2149
2150
2150
2149
2149
2149
2149
2149
2149
2150
2149
2149
2149
2150
2149
2148
2149
2150
2150
2150
2150
2150
2150
2149
2149
2149
2149
2150
2149
2150
2149
2149
2150
2150
2150
2150
2150
2149
2150
2150
2149
2150
2150
2150
2150
2150
2149
2148
2150
2150
2150
2151
2150
2152
2149
2149
2150
2151
2149
2150
2150
2150
2150
2150
2150
2151
2150
2150
2150
2150
2150
2150
2150
2151
2150
2151
2150
2151
2150
2150
2150
2150
2149
2150
2150
2150
2150
2150
2151
2151
2150
2150
2150
2151
2150
2150
2150
2150
2150
2150
2150
2150
2150
2151
2151
2148
2150
2150
2151
2150
2151
2151
2151
2150
2150
2150
2150
2150
2150
2151
2150
2150
2150
2151
2150
2150
2150
2150
2150
2150
2150
2151
2150
2151
2150
2150
2151
2151
2150
2150
2150
2151
2150
2151
2150
2150
2151
2151
2150
2150
2150
2150
2151
2151
2150
2150
2150
2150
2150
2150
2151
2150
2150
2150
2150
2152
2150
2150
2150
2151
2150
2150
2150
2150
2150
2148
2150
2150
2150
2151
2150
2150
2150
2150
2150
2150
2150
2150
2149
2150
2151
2151
2149
2150
2149
2150
2150
2150
2149
2149
2150
2151
2149
2150
2150
2150
2150
2150
2150
2151
2150
2150
2149
2149
2150
2150
2149
2150
2150
2151
2150
2149
2150
2150
2149
2150
2150
2149
2149
2150
2150
2149
2149
2150
2149
2150
2149
2149
2149
2149
2149
2150
2150
2149
2149
2150
2149
2149
2149
2149
2149
2149
2149
2149
2149
2149
2149
2149
2149
2149
2150
2149
2149
2149
2149
2149
2149
2149
2149
2149
2149
2149
2148
2149
2148
2149
2149
2149
2148
2149
2149
2148
2149
2149
2149
2149
2149
2149
2149
2149
2148
2149
2149
2148
2148
2149
2148
2148
2148
2148
2148
2149
2148
2146
2148
2148
2148
2149
2148
2149
2148
2149
2148
2149
2148
2148
2148
2148
2148
2148
2148
2148
2148
2148
2148
2149
2148
2150
2148
2150
2147
2148
2148
2148
2147
2148
2148
2148
2147
2146
2148
2148
2147
2147
2147
2147
2147
2147
2147
2147
2148
2147
2147
2148
2147
2147
2147
2147
2146
2147
2148
2147
2146
2147
2147
2147
2147
2147
2147
2147
2147
2145
2146
2148
2146
2147
2146
2146
2146
2146
2146
2146
2146
2146
2146
2146
2146
2146
2146
2145
2146
2146
2146
2146
2146
2145
2146
2146
2146
2146
2145
2145
2146
2146
2145
2145
2145
2145
2145
2145
2145
2146
2145
2145
2145
2145
2145
2145
2145
2145
2145
2145
2145
2145
2145
2145
2145
2145
2145
2145
2145
2145
2145
2145
2145
2145
2145
2145
2145
2144
2145
2145
2144
2144
2145
2144
2144
2144
2144
2144
2145
2145
2145
2144
2144
2144
2144
2144
2144
2144
2144
2144
2143
2143
2143
2144
2143
2144
2143
2144
2144
2143
2143
2143
2143
2143
2144
2143
2143
2143
2143
2143
2143
2140
2143
2143
2143
2143
2143
2142
2142
2140
2143
2143
2142
2143
2143
2142
2142
2142
2142
2141
2142
2141
2142
2142
2142
2142
2141
2142
2141
2141
2141
2141
2141
2141
2141
2141
2141
2141
2141
2139
2141
2141
2141
2142
2141
2141
2141
2141
2141
2141
2140
2141
2141
2141
2141
2140
2140
2140
2140
2141
2140
2141
2140
2140
2140
2142
2140
2140
2139
2140
2140
2140
2140
2140
2140
2140
2139
2139
2139
2139
2139
2139
2139
2139
2138
2139
2139
2139
2139
2136
2139
2139
2138
2138
2139
2137
2138
2140
2138
2138
2137
2138
2138
2138
2138
2138
2138
2138
2138
2138
2137
2137
2137
2137
2137
2137
2137
2137
2137
2138
2137
2137
2137
2137
2137
2137
2137
2137
2137
2137
2137
2136
2137
2137
2136
2136
2136
2137
2136
2136
2136
2136
2136
2135
2136
2138
2136
2137
2136
2135
2135
2137
2136
2135
2135
2135
2135
2135
2135
2135
2135
2135
2135
2135
2135
2135
2135
2135
2134
2134
2135
2135
2135
2134
2134
2131
2134
2134
2133
2134
2133
2134
2134
2133
2133
2135
2133
2134
2133
2135
2133
2133
2133
2133
2133
2133
2133
2132
2133
2133
2132
2132
2132
2133
2132
2132
2132
2132
2132
2132
2132
2132
2132
2132
2132
2131
2131
2131
2132
2129
2131
2131
2131
2131
2131
2131
2131
2131
2131
2131
2130
2131
2130
2130
2130
2128
2130
2131
2130
2129
2130
2130
2130
2130
2130
2130
2130
2130
2129
2129
2129
2129
2129
2129
2129
2129
2129
2129
2129
2129
2129
2129
2129
2129
2129
2128
2128
2128
2129
2129
2128
2128
2128
2129
2128
2130
2128
2128
2128
2128
2127
2129
2128
2128
2127
2128
2128
2128
2127
2127
2127
2127
2127
2127
2127
2127
2127
2127
2126
2127
2127
2127
2127
2127
2126
2126
2126
2128
2126
2127
2126
2127
2125
2126
2126
2125
2125
2125
2125
2126
2125
2125
2125
2125
2125
2125
2125
2124
2125
2125
2125
2125
2124
2125
2124
2125
2125
2125
2124
2124
2124
2124
2123
2124
2124
2124
2123
2124
2123
2124
2123
2123
2123
2121
2123
2124
2123
2122
2122
2123
2123
2123
2122
2121
2122
2122
2122
2122
2121
2122
2122
2122
2122
2121
2121
2122
2121
2122
2121
2121
2121
2121
2121
2121
2121
2121
2121
2120
2121
2121
2120
2119
2120
2121
2120
2121
2120
2120
2120
2120
2120
2121
2120
2119
2119
2120
2119
2120
2119
2119
2119
2119
2119
2119
2119
2119
2119
2119
2118
2119
2118
2118
2118
2118
2118
2118
2117
2118
2119
2118
2117
2118
2117
2118
2117
2118
2117
2117
2117
2117
2117
2117
2117
2116
2116
2117
2116
2116
2116
2116
2116
2116
2116
2116
2116
2116
2116
2115
2115
2116
2115
2114
2115
2115
2115
2114
2115
2115
2115
2114
2114
2115
2114
2114
2114
2114
2113
2114
2113
2114
2113
2113
2113
2112
2113
2113
2113
2113
2113
2113
2113
2113
2113
2113
2112
2112
2112
2113
2112
2113
2112
2112
2112
2109
2112
2112
2112
2112
2112
2113
2112
2112
2111
2111
2111
2111
2111
2111
2110
2111
2110
2111
2110
2110
2110
2111
2110
2110
2110
2111
2109
2110
2109
2109
2109
2109
2109
2109
2109
2109
2109
2109
2109
2107
2109
2109
2109
2109
2108
2109
2109
2109
2108
2108
2108
2108
2108
2108
2108
2107
2107
2105
2107
2107
2107
2107
2107
2107
2106
2106
2107
2107
2106
2104
2106
2105
2106
2107
2106
2105
2106
2106
2105
2106
2106
2106
2105
2105
2105
2105
2105
2105
2105
2104
2105
2105
2104
2105
2105
2105
2105
2105
2104
2105
2104
2104
2104
2104
2104
2104
2104
2103
2103
2104
2104
2104
2103
2103
2103
2104
2103
2103
2103
2103
2103
2103
2103
2103
2103
2103
2102
2103
2102
2102
2103
2102
2102
2102
2101
2101
2101
2102
2101
2103
2101
2103
2101
2101
2101
2100
2101
2101
2101
2100
2100
2100
2100
2100
2100
2100
2100
2100
2099
2100
2100
2099
2099
2099
2099
2098
2098
2098
2098
2098
2098
2098
2098
2097
2097
2097
2097
2097
2097
2097
2097
