1940
1823
1731
1677
1665
1700
1775
1884
2015
2150
2281
2392
2471
2513
2509
2460
2373
2258
2125
1988
1862
1759
1691
1664
1683
1745
1842
1966
2102
2238
2358
2448
2504
2516
2481
2407
2300
2171
2034
1902
1791
1709
1669
1672
1719
1808
1924
2057
2193
2320
2422
2489
2517
2498
2436
2338
2216
2080
1945
1825
1733
1677
1666
1699
1775
1882
2011
2148
2279
2393
2474
2513
2509
2460
2373
2257
2124
1987
1861
1759
1691
1664
1684
1745
1843
1967
2103
2237
2359
2448
2504
2516
2481
2406
2301
2171
2034
1903
1791
1709
1669
1672
1720
1807
1923
2055
2190
2318
2420
2490
2517
2498
2436
2339
2216
2080
1946
1825
1733
1678
1665
1698
1775
1881
2009
2148
2280
2391
2469
2512
2509
2461
2375
2257
2123
1987
1861
1759
1693
1664
1684
1746
1844
1966
2103
2237
2357
2448
2504
2516
2482
2407
2300
2173
2035
1903
1791
1709
1669
1671
1719
1806
1922
2055
2192
2318
2420
2489
2517
2499
2436
2340
2220
2081
1945
1825
1733
1678
1666
1698
1773
1880
2009
2146
2279
2389
2471
2513
2510
2461
2376
2260
2127
1990
1864
1761
1692
1664
1684
1745
1843
1966
2103
2237
2357
2448
2504
2516
2482
2408
2301
2172
2035
1904
1791
1710
1668
1672
1721
1805
1921
2055
2192
2318
2422
2489
2514
2498
2437
2340
2218
2082
1948
1827
1735
1678
1662
1698
1773
1881
2009
2146
2277
2389
2470
2513
2509
2463
2378
2261
2129
1992
1865
1761
1692
1664
1685
1744
1841
1964
2099
2237
2356
2448
2504
2516
2482
2407
2301
2172
2034
1904
1791
1710
1669
1672
1719
1805
1921
2054
2190
2317
2420
2489
2517
2498
2439
2341
2218
2082
1947
1828
1735
1678
1665
1697
1772
1878
2007
2144
2276
2389
2469
2512
2510
2463
2377
2261
2127
1992
1865
1762
1693
1665
1682
1743
1840
1964
2100
2234
2354
2446
2503
2517
2483
2407
2301
2173
2036
1904
1792
1710
1668
1671
1719
1805
1921
2054
2191
2317
2422
2489
2517
2499
2437
2341
2219
2083
1948
1827
1734
1678
1665
1697
1772
1878
2007
2144
2275
2387
2469
2512
2510
2463
2378
2262
2129
1992
1866
1763
1694
1665
1682
1743
1839
1962
2097
2233
2353
2445
2502
2517
2483
2409
2304
2176
2037
1906
1791
1711
1669
1671
1719
1805
1921
2053
2191
2317
2419
2489
2517
2499
2438
2342
2220
2084
1949
1828
1735
1678
1665
1697
1771
1878
2006
2143
2275
2387
2469
2512
2510
2463
2379
2264
2131
1994
1867
1763
1694
1665
1682
1742
1839
1961
2097
2233
2353
2445
2504
2517
2484
2411
2306
2177
2041
1907
1794
1712
1669
1670
1717
1803
1919
2053
2190
2317
2420
2489
2519
2499
2438
2341
2220
2084
1948
1828
1735
1678
1665
1697
1771
1877
2006
2143
2275
2387
2469
2512
2510
2463
2378
2264
2132
1994
1867
1763
1695
1665
1682
1741
1838
1960
2096
2232
2353
2445
2502
2517
2484
2411
2306
2177
2041
1908
1796
1713
1669
1671
1716
1803
1918
2051
2188
2314
2417
2487
2517
2499
2438
2342
2220
2084
1949
1828
1735
1678
1665
1697
1771
1876
2005
2143
2274
2387
2468
2512
2511
2464
2380
2265
2132
1995
1867
1763
1694
1665
1682
1741
1837
1959
2095
2230
2351
2444
2501
2517
2485
2411
2305
2177
2041
1909
1796
1713
1670
1671
1718
1801
1916
2049
2186
2312
2416
2488
2517
2499
2440
2344
2223
2087
1952
1828
1735
1678
1665
1697
1771
1877
2005
2143
2274
2387
2468
2512
2511
2464
2379
2265
2132
1995
1868
1764
1694
1665
1681
1742
1837
1959
2096
2230
2351
2444
2503
2517
2485
2413
2307
2179
2042
1910
1797
1713
1670
1671
1716
1801
1916
2049
2186
2313
2417
2486
2516
2500
2440
2346
2224
2087
1952
1831
1737
1680
1665
1695
1769
1877
2005
2143
2274
2387
2469
2511
2511
2464
2379
2265
2133
1996
1869
1764
1694
1665
1682
1741
1837
1958
2095
2229
2350
2444
2504
2517
2485
2412
2307
2179
2040
1910
1797
1713
1670
1670
1715
1800
1915
2049
2185
2313
2416
2487
2517
2500
2441
2346
2222
2089
1953
1831
1739
1681
1665
1696
1769
1875
2003
2140
2272
2384
2467
2512
2511
2464
2380
2265
2132
1995
1869
1764
1694
1664
1681
1741
1836
1958
2095
2229
2351
2443
2501
2518
2485
2413
2308
2180
2043
1911
1797
1713
1669
1670
1715
1799
1913
2046
2184
2311
2415
2486
2517
2500
2441
2346
2225
2089
1954
1832
1738
1680
1665
1695
1767
1873
2000
2137
2269
2384
2467
2511
2511
2465
2382
2268
2136
1996
1869
1764
1694
1665
1681
1740
1836
1958
2094
2229
2350
2443
2501
2517
2485
2413
2308
2180
2043
1912
1798
1714
1670
1670
1715
1800
1914
2046
2183
2310
2415
2486
2516
2501
2441
2347
2226
2091
1956
1832
1738
1680
1665
1695
1767
1873
2001
2137
2269
2383
2466
2511
2512
2466
2383
2268
2136
1999
1871
1767
1695
1665
1680
1740
1837
1958
2094
2229
2349
2443
2502
2517
2485
2413
2309
2181
2043
1912
1798
1714
1670
1670
1712
1799
1913
2046
2182
2311
2415
2486
2517
2500
2441
2348
2227
2091
1956
1834
1739
1681
1666
1695
1766
1873
2001
2137
2269
2383
2465
2511
2512
2466
2383
2270
2137
2001
1873
1767
1695
1665
1680
1739
1834
1956
2088
2226
2348
2444
2501
2517
2485
2413
2308
2180
2044
1911
1798
1714
1669
1670
1715
1799
1913
2045
2183
2310
2415
2486
2516
2501
2442
2347
2226
2090
1955
1833
1740
1681
1664
1695
1767
1871
1999
2136
2268
2381
2465
2511
2512
2466
2383
2269
2137
2000
1873
1767
1695
1665
1680
1738
1833
1953
2089
2226
2348
2442
2501
2517
2487
2415
2311
2180
2043
1911
1798
1714
1670
1670
1716
1799
1914
2046
2183
2310
2415
2485
2516
2501
2442
2349
2227
2092
1956
1834
1739
1681
1664
1695
1766
1871
1999
2135
2268
2381
2465
2510
