2363
2353
2343
2332
2322
2312
2301
2289
2279
2267
2256
2243
2232
2220
2208
2196
2184
2171
2159
2146
2133
2120
2108
2095
2082
2069
2057
2044
2031
2018
2006
1993
1981
1969
1957
1945
1933
1921
1910
1899
1888
1877
1866
1856
1842
1835
1825
1816
1807
1798
1789
1781
1770
1765
1758
1751
1745
1738
1732
1726
1721
1716
1713
1707
1704
1700
1697
1695
1694
1691
1692
1689
1688
1688
1688
1689
1690
1690
1693
1695
1697
1699
1702
1705
1711
1716
1721
1727
1733
1739
1747
1753
1760
1768
1776
1784
1793
1802
1811
1821
1831
1841
1851
1861
1872
1884
1895
1906
1917
1929
1941
1952
1965
1977
1989
2002
2015
2028
2040
2053
2066
2079
2093
2105
2118
2130
2144
2156
2169
2181
2193
2206
2218
2231
2243
2254
2266
2277
2289
2300
2312
2321
2332
2342
2352
2362
2371
2380
2389
2397
2406
2414
2421
2428
2435
2441
2448
2453
2459
2464
2468
2473
2477
2480
2483
2486
2489
2491
2493
2493
2493
2495
2495
2494
2493
2492
2490
2489
2486
2483
2481
2477
2469
2467
2462
2457
2450
2444
2437
2431
2423
2416
2409
2400
2393
2382
2373
2363
2354
2344
2334
2323
2315
2302
2291
2280
2269
2257
2245
2233
2222
2209
2197
2185
2173
2160
2148
2135
2122
2109
2097
2083
2071
2058
2045
2033
2019
2008
1995
1983
1971
1958
1947
1935
1923
1912
1901
1889
1878
1867
1857
1847
1837
1826
1817
1808
1799
1790
1782
1774
1766
1759
1752
1745
1739
1732
1727
1721
1714
1712
1708
1704
1700
1697
1695
1693
1691
1690
1690
1688
1688
1688
1688
1690
1691
1693
1695
1696
1699
1701
1705
1710
1715
1721
1726
1732
1738
1745
1753
1759
1767
1775
1783
1792
1802
1810
1820
1829
1838
1850
1861
1871
1882
1893
1905
1916
1928
1939
1951
1963
1976
1988
2001
2013
2027
2039
2052
2065
2078
2090
2103
2116
2129
2141
2155
2168
2180
2193
2205
2217
2229
2241
2253
2265
2276
2287
2298
2309
2320
2331
2341
2351
2361
2370
2379
2388
2393
2405
2413
2420
2428
2434
2441
2447
2453
2458
2464
2468
2473
2476
2480
2483
2486
2489
2490
2492
2493
2495
2495
2495
2495
2493
2492
2491
2489
2486
2483
2480
2478
2472
2468
2462
2457
2452
2445
2438
2432
2424
2417
2409
2401
2392
2383
2374
2365
2355
2345
2335
2325
2314
2303
2292
2281
2270
2259
2247
2235
2223
2210
2198
2187
2174
2162
2149
2136
2123
2108
2098
2085
2073
2059
2047
2034
2021
2009
1997
1985
1972
1960
1948
1936
1924
1913
1901
1890
1880
1869
1858
1848
1838
1828
1818
1809
1800
1791
1783
1774
1767
1760
1753
1746
1739
1732
1728
1722
1717
1712
1708
1705
1701
1697
1695
1694
1692
1690
1689
1688
1687
1688
1688
1689
1691
1692
1695
1696
1698
1701
1704
1709
1714
1720
1725
1732
1737
1743
1751
1758
1765
1773
1783
1793
1800
1809
1818
1828
1838
1849
1859
1870
1881
1892
1903
1914
1925
1938
1950
1962
1974
1986
1999
2012
2024
2037
2050
2063
2076
2088
2101
2115
2127
2141
2153
2166
2178
2190
2203
2215
2227
2240
2251
2263
2274
2287
2297
2308
2319
2329
2340
2349
2360
2369
2378
2387
2395
2404
2411
2419
2426
2430
2440
2447
2452
2458
2463
2467
2472
2476
2479
2483
2485
2488
2490
2492
2493
2494
2495
2495
2495
2494
2493
2490
2489
2487
2484
2481
2478
2473
2468
2463
2457
2452
2445
2439
2433
2425
2418
2410
2401
2393
2384
2376
2366
2357
2346
2335
2326
2316
2304
2294
2282
2272
2260
2248
2236
2225
2212
2201
2188
2176
2163
2149
2138
2122
2113
2099
2087
2074
2061
2049
2036
2023
2010
1999
1985
1973
1961
1950
1938
1926
1914
1905
1892
1881
1870
1860
1849
1839
1829
1820
1810
1802
1793
1784
1775
1768
1761
1753
1746
1741
1733
1728
1722
1717
1713
1709
1705
1699
1698
1695
1694
1692
1690
1689
1688
1688
1688
1689
1690
1690
1692
1694
1696
1698
1701
1704
1709
1714
1719
1725
1730
1736
1743
1750
1757
1765
1773
1781
1790
1799
1808
1818
1827
1838
1848
1857
1868
1880
1890
1901
1913
1925
1936
1949
1961
1973
1985
1997
2010
2023
2036
2049
2061
2074
2087
2097
2113
2127
2139
2152
2164
2177
2189
2201
2214
2226
2238
2249
2262
2271
2284
2296
2307
2317
2329
2339
2349
2354
2368
2379
2385
2397
2403
2410
2419
2426
2433
2439
2445
2452
2457
2462
2467
2472
2475
2479
2482
2487
2488
2490
2492
2494
2494
2495
2495
2495
2493
2493
2491
2489
2487
2484
2481
2478
2473
2467
2463
2458
2452
2446
2439
2433
2426
2417
2411
2403
2394
2385
2376
2367
2357
2348
2338
2327
2316
2306
2295
2284
2273
2261
2249
2239
2226
2214
2201
2189
2177
2165
2152
2139
2126
2114
2101
2088
2075
2060
2049
2037
2025
2013
2000
1987
1974
1963
1951
1938
1927
1916
1904
1893
1882
1871
1860
1850
1840
1830
1820
1812
1801
1792
1784
1777
1769
1762
1754
1747
1741
1734
1729
1724
1718
1714
1709
1705
1701
1699
1696
1695
1692
1692
1689
1688
1688
1688
1688
1690
1690
1692
1694
1695
1697
1703
1704
1709
1713
1719
1724
1730
1736
1743
1749
1757
1764
1772
1780
1789
1798
1807
1816
1826
1836
1846
1857
1867
1878
1889
1901
1912
1924
1935
1947
1960
1972
1984
1996
2009
2021
2035
2047
2061
2073
2085
2098
2112
2124
2137
2150
2163
2175
2188
2200
2213
2225
2237
2249
2260
2273
2284
2295
2305
2317
2329
2337
2348
2358
2367
2375
2385
2393
2401
2410
2417
2425
2433
2438
2445
2451
2456
2462
2466
2470
2475
2478
2482
2485
2488
2490
2492
2493
2494
2495
2495
2495
2494
2492
2491
2489
2488
2484
2481
2478
2474
2469
2465
2459
2450
2447
2440
2433
2427
2419
2413
2403
2395
2386
2377
2368
2359
2349
2339
2329
2318
2307
2297
2285
2272
2262
2251
2239
2226
2215
2203
2191
2178
2166
2153
2141
2128
2115
2103
2089
2077
2064
2051
2039
2025
2013
2001
1988
1976
1964
1952
1940
1929
1917
1905
1894
1885
1872
1862
1851
1841
1831
1821
1812
1803
1794
1786
1777
1769
1762
1754
1748
1741
1736
1729
1724
1719
1714
1710
1706
1702
1699
1696
1694
1692
1690
1690
1688
1688
1688
1688
1689
1688
1691
1694
1695
1697
1700
1704
1708
1713
1717
1724
1729
1735
1742
1749
1756
1763
1771
1779
1788
1797
1806
1816
1825
1836
1845
1856
1866
1877
1888
1900
1911
1922
1933
1946
1958
1970
1983
1996
2007
2020
2033
2046
2058
2072
2084
2097
2111
2123
2136
2148
2161
2174
2186
2199
2211
2223
2236
2247
2259
2271
2283
2293
2304
2315
2326
2336
2346
2357
2365
2376
2384
2393
2401
2409
2417
2425
2432
2438
2444
2450
2456
2461
2465
2470
2474
2478
2481
2485
2487
2489
2491
2493
2494
2495
2495
2495
2493
2493
2491
2491
2488
2485
2481
2479
2475
2470
2465
2460
2454
2448
2441
2435
2428
2421
2413
2405
2396
2388
2378
2369
2361
2350
2339
2329
2319
2309
2298
2287
2275
2264
2252
2243
2228
2217
2205
2192
2180
2165
2154
2143
2129
2116
2104
2091
2078
2065
2053
2041
2027
2015
2002
1989
1977
1965
1953
1941
1930
1918
1906
1895
1884
1873
1863
1852
1842
1832
1823
1813
1804
1795
1786
1778
1770
1763
1755
1746
1742
1736
1730
1725
1719
1714
1711
1708
1703
1699
1696
1695
1693
1690
1690
1689
1688
1688
1688
1689
1690
1692
1694
1695
1697
1700
1703
1708
1712
1717
1723
1729
1735
1741
1747
1755
1762
1771
1778
1787
1796
1805
1814
1823
1834
1844
1855
1862
1876
1887
1897
1911
1921
1933
1945
1956
1969
1981
1993
2007
2018
2032
2045
2057
2070
2083
2096
2109
2121
2135
2147
2160
2173
2185
2198
2209
2222
2235
2246
2258
2269
2281
2292
2303
2314
2321
2335
2346
2355
2365
2374
2383
2392
2400
2408
2416
2424
2431
2437
2443
2449
2455
2460
2465
2469
2474
2478
2481
2484
2487
2489
2492
2493
2494
2495
2495
2495
2494
2493
2492
2489
2488
2485
2482
2479
2475
2471
2465
2460
2454
2448
2442
2436
2429
2421
2413
2405
2397
2389
2380
2370
2361
2351
2341
2330
2321
2310
2299
2288
2277
2265
2253
2241
2229
2218
2205
2193
2181
2169
2156
2143
2131
2118
2106
2093
2080
2067
2054
2041
2029
2017
2003
1991
1979
1967
1955
1943
1931
1920
1909
1896
1885
1875
1864
1853
1844
1833
1824
1814
1805
1796
1787
1779
1772
1764
1756
1749
1743
1736
1730
1725
1721
1715
1711
1707
1703
1699
1697
1695
1693
1691
1690
1688
1688
1688
1689
1689
1690
1691
1693
1695
1697
1700
1704
1706
1712
1717
1722
1728
1733
1740
1747
1754
1761
1769
1774
1786
1795
1804
1813
1823
1833
1843
1853
1864
1874
1885
1896
1908
1920
1931
1943
1955
1968
1980
1992
2004
2017
2029
2043
2055
2068
2081
2094
2107
2120
2133
2147
2158
2171
2183
2196
2209
2220
2232
2244
2256
2268
2280
2291
2301
2312
2324
2334
2344
2354
2364
2373
2382
2391
2399
2407
2415
2422
2430
2434
2442
2449
2454
2459
2465
2469
2473
2477
2481
2484
2487
2489
2491
2493
2494
2495
2495
2495
2494
2493
2492
2490
2488
2485
2483
2480
2476
2472
2466
2461
2455
2449
2443
2436
2429
2422
2414
2407
2399
2389
2381
2371
2362
2353
2342
2333
2321
2311
2300
2289
2278
2266
2255
2241
2232
2220
2207
2195
2183
2170
2158
2145
2132
2119
2107
2094
2081
2069
2055
2043
2030
2018
2005
1992
1980
1969
1956
1944
1932
1921
1909
1898
1887
1876
1865
1855
1845
1831
1825
1816
1806
1798
1789
1780
1772
1764
1757
1751
1744
1737
1731
1726
1721
1718
1712
1707
1703
1700
1697
1695
1693
1691
1690
1689
1688
1688
1688
1689
1690
1691
1693
1695
1697
1699
1702
1706
1711
1716
1722
1728
1733
1739
1746
1753
1761
1769
1776
1785
1793
1803
1812
1822
1832
1841
1852
1864
1873
1884
1895
1907
1918
1930
1941
1953
1965
1978
1991
2003
2016
2029
2041
2051
2067
2080
2093
2106
2118
2133
2144
2157
2169
2181
2194
2207
2219
2231
2243
2255
2267
2280
2289
2301
2312
2322
2333
2343
2353
2361
2372
2377
2389
2399
2407
2415
2421
2429
2435
2442
2448
2454
2459
2464
2469
2473
2477
2480
2484
2487
2489
2491
2493
2493
2495
2495
2495
2495
2493
2492
2490
2488
2485
2482
2480
2477
2471
2466
2461
2456
2450
2444
2437
2430
2423
2415
2408
2400
2391
2382
2372
2363
2353
2343
2333
2323
2312
2302
2291
2279
2268
2257
2244
2233
2221
2209
2197
2184
2172
2159
2146
2134
2121
2109
2095
2082
2070
2057
2044
2032
2019
2006
1994
1982
1969
1958
1945
1933
1922
1911
1899
1888
1877
1867
1857
1846
1835
1825
1817
1807
1798
1789
1781
1773
1765
1758
1751
1744
1738
1732
1727
1721
1716
1712
1708
1704
1701
1697
1695
1693
1691
1690
1689
1688
1688
1688
1689
1690
1690
1693
1695
1696
1699
1702
1705
1711
1716
1721
1727
1732
1738
1745
1753
1760
1768
1777
1784
1793
1802
1811
1821
1830
1840
1851
1861
1872
1883
1896
1905
1917
1928
1940
1952
1966
1976
1989
2001
2014
2027
2040
2052
2065
2078
2092
2104
2117
2130
2141
2156
2168
2180
2193
2205
2218
2229
2242
2253
2265
2276
2288
2299
2310
2321
2332
2342
2352
2361
2371
2380
2389
2398
2405
2413
2422
2428
2434
2441
2447
2453
2461
2464
2468
2473
2477
2480
2484
2487
2489
2491
2491
2493
2495
2495
2495
2494
2494
2492
2490
2489
2486
2483
2479
2477
2472
2467
2461
2457
2451
2444
2437
2431
2424
2417
2409
2401
2392
2383
2373
2365
2354
2344
2334
2324
2314
2303
2292
2280
2269
2257
2246
2235
2223
2210
2197
2185
2170
2160
2148
2135
2122
2109
2097
2084
2071
2058
2045
2033
