2249
2248
2247
2245
2244
2243
2239
2241
2237
2238
2237
2236
2235
2233
2233
2231
2229
2228
2228
2225
2225
2223
2221
2220
2218
2216
2215
2214
2212
2211
2209
2208
2206
2205
2204
2202
2199
2198
2197
2195
2193
2192
2190
2188
2187
2186
2184
2182
2181
2179
2177
2175
2174
2171
2170
2167
2166
2163
2162
2160
2158
2156
2154
2152
2152
2148
2146
2144
2142
2140
2140
2137
2135
2133
2131
2129
2127
2125
2123
2121
2119
2116
2115
2113
2112
2109
2108
2105
2103
2100
2099
2097
2096
2093
2091
2089
2087
2085
2084
2081
2080
2077
2076
2073
2071
2070
2068
2065
2064
2062
2060
2058
2056
2054
2052
2050
2049
2047
2045
2043
2041
2039
2038
2035
2033
2033
2032
2028
2027
2025
2023
2021
2020
2017
2016
2014
2011
2010
2009
2007
2005
2004
2002
2000
1999
1997
1995
1994
1992
1990
1989
1987
1986
1985
1982
1981
1979
1977
1976
1975
1973
1971
1970
1969
1967
1966
1965
1962
1961
1960
1959
1957
1956
1954
1953
1952
1951
1949
1949
1946
1946
1945
1943
1941
1941
1939
1938
1937
1936
1934
1934
1933
1932
1931
1930
1929
1928
1926
1926
1925
1924
1923
1922
1921
1921
1920
1920
1919
1918
1917
1917
1915
1915
1914
1914
1912
1913
1912
1911
1910
1910
1909
1909
1908
1908
1908
1907
1906
1906
1906
1905
1905
1905
1905
1904
1904
1904
1903
1903
1903
1902
1903
1903
1902
1903
1902
1903
1902
1901
1902
1902
1902
1903
1903
1903
1902
1903
1903
1904
1904
1904
1903
1904
1904
1902
1905
1905
1905
1906
1906
1907
1907
1908
1907
1909
1909
1910
1911
1911
1912
1913
1913
1913
1914
1915
1916
1916
1917
1917
1918
1919
1921
1921
1921
1923
1923
1924
1925
1926
1927
1928
1929
1929
1930
1932
1933
1933
1935
1936
1937
1937
1939
1940
1941
1943
1943
1945
1946
1947
1949
1951
1951
1953
1953
1956
1956
1957
1959
1961
1961
1963
1965
1966
1968
1969
1971
1972
1973
1975
1977
1978
1980
1981
1983
1985
1986
1989
1989
1991
1992
1993
1995
1997
1998
2000
2001
2004
2006
2008
2009
2012
2014
2017
2017
2021
2021
2025
2025
2027
2029
2031
2033
2035
2036
2040
2040
2043
2044
2046
2048
2050
2052
2054
2056
2059
2060
2062
2064
2066
2068
2071
2072
2076
2076
2079
2080
2082
2084
2087
2088
2092
2093
2096
2097
2098
2100
2103
2105
2107
2109
2113
2113
2115
2117
2119
2120
2123
2125
2127
2129
2130
2132
2134
2137
2138
2140
2143
2144
2146
2148
2152
2152
2154
2155
2157
2159
2161
2163
2165
2167
2169
2170
2173
2174
2177
2178
2179
2181
2183
2185
2187
2189
2190
2192
2194
2194
2197
2198
2201
2201
2204
2205
2207
2209
2210
2212
2212
2215
2216
2217
2219
2221
2222
2224
2225
2227
2226
2230
2231
2232
2234
2235
2237
2238
2240
2240
2241
2242
2240
2245
2247
2247
2248
2250
2251
2252
2253
2254
2255
2256
2256
2257
2259
2260
2261
2261
2262
2264
2265
2265
2268
2267
2268
2268
2269
2269
2271
2271
2272
2273
2273
2274
2273
2274
2276
2276
2276
2276
2278
2277
2278
2278
2279
2279
2280
2280
2280
2280
2280
2281
2281
2281
2281
2281
2282
2281
2282
2281
2282
2282
2282
2282
2283
2282
2282
2282
2281
2281
2282
2281
2283
2280
2281
2280
2280
2280
2280
2279
2279
2278
2277
2277
2277
2276
2276
2276
2274
2274
2274
2273
2273
2272
2272
2271
2270
2269
2269
2268
2267
2266
2266
2265
2264
2263
2263
2261
2261
2260
2258
2258
2257
2256
2255
2253
2253
2252
2250
2249
2249
2248
2247
2245
2244
2243
2241
2241
2240
2238
2237
2236
2235
2233
2232
2230
2229
2228
2227
2226
2224
2222
2217
2220
2218
2217
2215
2214
2212
2211
2209
2208
2206
2205
2202
2201
2200
2198
2197
2195
2193
2192
2189
2189
2188
2185
2185
2183
2180
2180
2177
2175
2173
2172
2169
2167
2166
2163
2161
2159
2158
2156
2154
2151
2151
2148
2146
2144
2143
2141
2138
2137
2135
2132
2130
2129
2127
2125
2122
2121
2119
2117
2115
2113
2111
2109
2107
2105
2103
2101
2100
2097
2095
2093
2092
2089
2087
2085
2083
2081
2080
2077
2075
2073
2072
2069
2068
2065
2064
2061
2060
2058
2056
2054
2052
2050
2049
2047
2047
2043
2043
2039
2038
2036
2031
2032
2030
2028
2026
2025
2024
2021
2019
2017
2016
2014
2012
2010
2009
2007
2006
2004
2002
2000
1998
1997
1996
1993
1992
1990
1988
1987
1984
1984
1982
1980
1980
1977
1976
1974
1973
1972
1970
1968
1967
1966
1964
1962
1962
1960
1958
1957
1957
1954
1954
1952
1950
1949
1945
1946
1945
1944
1943
1942
1940
1939
1938
1937
1936
1935
1934
1933
1932
1930
1930
1929
1928
1927
1925
1925
1924
1923
1922
1921
1921
1920
1919
1919
1918
1917
1916
1916
1915
1914
1913
1913
1912
1911
1913
1911
1910
1909
1908
1909
1908
1907
1907
1907
1906
1906
1905
1905
1905
1905
1904
1904
1904
1903
1903
1903
1903
1903
1902
1902
1902
1902
1904
1902
1902
1902
1902
1902
1903
1902
1902
1903
1903
1902
1903
1903
1904
1904
1904
1904
1905
1905
1905
1905
1906
1906
1907
1908
1908
1909
1909
1909
1910
1911
1911
1911
1912
1913
1914
1914
1915
1915
1917
1917
1917
1918
1919
1921
1921
1921
1923
1923
1925
1925
1925
1927
1930
1929
1930
1931
1932
1933
1934
1935
1936
1937
1937
1939
1941
1942
1940
1944
1945
1946
1946
1949
1949
1951
1952
1954
1955
1956
1957
1959
1957
1962
1964
1965
1967
1968
1969
1970
1973
1973
1975
1977
1978
1980
1981
1983
1985
1986
1988
1989
1991
1993
1991
1996
1997
1999
2000
2002
2004
2006
2008
2010
2009
2013
2016
2017
2020
2021
2024
2025
2027
2029
2032
2033
2035
2037
2040
2041
2042
2045
2046
2048
2049
2052
2054
2056
2056
2060
2063
2064
2066
2068
2071
2072
2074
2076
2079
2080
2082
2084
2086
2088
2091
2093
2095
2097
2099
2101
2103
2105
2107
2109
2111
2113
2115
2117
2119
2120
2122
2125
2127
2128
2131
2132
2134
2137
2139
2141
2143
2144
2146
2148
2150
2152
2154
2156
2158
2160
2161
2163
2165
2167
2169
2171
2173
2174
2176
2177
2178
2181
2183
2185
2187
2189
2190
2192
2194
2195
2197
2199
2200
2202
2204
2205
2207
2208
2210
2212
2213
2215
2216
2218
2220
2221
2223
2224
2225
2227
2228
2229
2231
2232
2234
2235
2237
2238
2239
2241
2241
2242
2244
2245
2246
2248
2248
2250
2252
2252
2253
2254
2255
2256
2257
2258
2259
2260
2261
2261
2263
2264
2265
2265
2266
2267
2268
2268
2269
2270
2271
2271
2272
2273
2273
2273
2272
2274
2275
2275
2276
2276
2277
2277
2278
2278
2280
2279
2280
2280
2280
2280
2280
2281
2281
2281
2282
2282
2281
2281
2281
2282
2282
2282
2281
2282
2282
2281
2282
2281
2282
2281
2281
2281
2281
2281
2280
2280
2280
2280
2280
2279
2278
2278
2278
2276
2277
2276
2276
2275
2275
2275
2273
2273
2272
2272
2272
2271
2270
2269
2269
2268
2266
2266
2266
2265
2264
2263
2262
2261
2261
2260
2258
2257
2257
2256
2255
2253
2253
2252
2251
2249
2249
2248
2247
2245
2244
2243
2242
2241
2240
2239
2237
2236
2234
2233
2232
2231
2231
2228
2227
2225
2224
2222
2221
2219
2218
2217
2215
2213
2212
2211
2209
2207
2207
2205
2203
2201
2201
2197
2197
2195
2193
2192
2190
2189
2184
2185
2184
2182
2181
2179
2177
2175
2173
2172
2166
2167
2166
2163
2160
2159
2157
2155
2154
2152
2150
2148
2146
2144
2142
2140
2141
2136
2135
2132
2131
2129
2126
2124
2123
2121
2119
2117
2115
2113
2112
2109
2107
2105
2103
2101
2099
2097
2095
2093
2091
2089
2087
2085
2083
2081
2079
2077
2075
2073
2072
2069
2068
2065
2064
2061
2060
2057
2056
2054
2052
2050
2049
2046
2045
2043
2041
2039
2037
2035
2033
2032
2030
2028
2026
2025
2023
2021
2020
2017
2016
2014
2013
2010
2008
2007
2006
2003
2001
2000
1997
1997
1995
1993
1992
1990
1989
1986
1985
1984
1982
1980
1979
1977
1976
1974
1973
1971
1970
1968
1967
1965
1964
1962
1961
1960
1960
1957
1956
1954
1953
1951
1951
1949
1950
1946
1945
1944
1943
1942
1940
1939
1938
1937
1936
1934
1933
1933
1931
1931
1930
1928
1928
1927
1926
1925
1924
1923
1922
1921
1921
1920
1920
1919
1917
1917
1916
1916
1915
1913
1913
1913
1913
1911
1911
1910
1910
1909
1909
1908
1908
1907
1907
1906
1907
1905
1905
1905
1905
1904
1904
1904
1904
1903
1903
1903
1903
1903
1903
1903
1903
1902
1902
1902
1902
1901
1902
1902
1903
1902
1904
1902
1903
1903
1903
1903
1904
1904
1904
1905
1905
1905
1905
1906
1906
1907
1907
1907
1908
1908
1909
1909
1910
1911
1911
1912
1909
1913
1914
1914
1915
1916
1917
1917
1918
1919
1919
1920
1921
1921
1923
1923
1924
1925
1926
1927
1928
1929
1930
1930
1933
1933
1934
1935
1936
1937
1938
1939
1940
1941
1942
1944
1945
1946
1948
1949
1950
1951
1952
1954
1956
1956
1955
1960
1961
1962
1964
1965
1967
1968
1969
1971
1972
1974
1976
1977
1978
1981
1981
1983
1985
1986
1988
1989
1989
1992
1994
1995
1997
1998
2000
2002
2004
2006
2005
2010
2011
2014
2016
2018
2019
2021
2024
2025
2027
2029
2031
2033
2035
2037
2041
2041
2044
2045
2047
2048
2050
2052
2055
2056
2056
2060
2062
2064
2067
2068
2071
2073
2074
2077
2079
2081
2082
2084
2087
2089
2090
2093
2095
2097
2099
2101
2103
2105
2107
2109
2111
2113
2115
2117
2119
2120
2123
2125
2127
2129
2129
2133
2135
2137
2139
2141
2142
2145
2146
2148
2150
2152
2154
2156
2155
2160
2162
2163
2165
2167
2169
2171
2173
2175
2177
2178
2180
2181
2184
2185
2187
2189
2192
2192
2192
2195
2198
2199
2200
2202
2204
2205
2208
2209
2209
2212
2213
2215
2217
2218
2220
2221
2223
2224
2226
2227
2227
2229
2231
2233
2234
2235
2237
2238
2239
2241
2243
2243
2244
2245
2245
2247
2249
2250
2251
2252
2252
2253
2256
2256
2257
2258
2259
2260
2261
2262
2263
2264
2264
2265
2266
2266
2268
2268
2269
2270
2271
2272
2272
2273
2273
2273
2271
2275
2275
2276
2277
2276
2277
2277
2279
2278
2279
2279
2279
2280
2280
2281
2280
2280
2281
2281
2281
2281
2282
2281
2284
2282
2282
2282
2283
2282
2282
2282
2281
2281
2282
2282
2281
2281
2281
2281
2281
2280
2280
2280
2279
2279
2280
2278
2277
2277
2276
2277
2276
2275
2275
2274
2274
2273
2274
2272
2272
2271
2269
2269
2269
2268
2267
2266
2265
2265
2264
2263
2262
2261
2261
2259
2258
2257
2257
2255
2255
2253
2255
2251
2250
2249
2249
2247
2246
2245
2244
2243
2242
2241
2240
2238
2237
2236
2234
2233
2232
2230
2230
2228
2227
2225
2225
2222
2221
2219
2219
2216
2215
2213
2212
2211
2209
2208
2205
2205
2203
2201
2200
2198
2196
2194
2193
2192
2189
2188
2189
2185
2184
2182
2181
2179
2177
2175
2173
2171
2169
2167
2165
2163
2161
2159
2157
2155
2153
2152
2150
2148
2145
2144
2143
2140
2138
2136
2135
2132
2131
2128
2124
2125
2123
2121
2119
2116
2115
2113
2112
2109
2107
2105
2103
2100
2099
2097
2095
2093
2091
2089
2087
2085
2083
2081
2079
2077
2075
2073
2071
2069
2068
2065
2063
2061
2060
2058
2056
2054
2052
2050
2048
2046
2045
2043
2041
2039
2037
2035
2036
2031
2029
2028
2026
2024
2023
2021
2019
2017
2012
2014
2012
2010
2009
2007
2005
2003
2002
2001
1999
1997
1995
1993
1991
1990
1988
1987
1985
1983
1982
1980
1979
1977
1976
1975
1973
1971
1970
1968
1967
1965
1964
1962
1963
1960
1958
1957
1955
1954
1953
1951
