2268
2248
2228
2208
2187
2166
2145
2124
2103
2081
2056
2039
2017
1997
1977
1955
1936
1917
1897
1879
1860
1843
1827
1810
1794
1780
1765
1753
1741
1729
1719
1710
1703
1695
1689
1683
1680
1677
1675
1674
1674
1675
1679
1681
1685
1693
1699
1707
1717
1727
1738
1750
1763
1778
1791
1808
1824
1841
1859
1877
1896
1915
1935
1954
1975
1996
2017
2039
2060
2081
2103
2124
2145
2166
2188
2208
2229
2248
2268
2287
2306
2324
2342
2359
2375
2389
2404
2418
2432
2442
2453
2463
2472
2481
2488
2493
2498
2503
2506
2506
2508
2507
2506
2504
2500
2494
2489
2480
2472
2462
2452
2440
2429
2415
2401
2386
2371
2354
2337
2320
2302
2283
2262
2245
2225
2204
2183
2162
2140
2120
2099
2077
2056
2034
2015
1992
1972
1951
1932
1913
1893
1874
1857
1839
1823
1806
1791
1777
1763
1751
1738
1728
1717
1708
1700
1694
1688
1683
1679
1676
1674
1674
1675
1676
1678
1681
1687
1694
1701
1709
1719
1729
1740
1753
1768
1780
1796
1811
1827
1844
1862
1880
1899
1919
1939
1958
1979
1999
2021
2042
2061
2085
2106
2128
2149
2170
2191
2212
2233
2253
2272
2291
2309
2327
2346
2361
2378
2393
2407
2420
2435
2445
2456
2465
2473
2482
2489
2495
2500
2503
2506
2508
2508
2507
2506
2502
2499
2493
2486
2478
2470
2460
2449
2438
2426
2412
2398
2383
2368
2352
2335
2317
2299
2280
2261
2241
2221
2200
2179
2159
2138
2116
2095
2073
2052
2031
2010
1989
1969
1948
1928
1908
1890
1871
1853
1836
1820
1804
1788
1773
1761
1748
1736
1726
1716
1707
1699
1693
1687
1682
1679
1676
1674
1674
1674
1677
1676
1682
1689
1695
1702
1711
1721
1731
1743
1755
1769
1783
1799
1814
1831
1848
1865
1883
1903
1922
1941
1962
1985
2003
2025
2045
2068
2089
2110
2131
2153
2174
2195
2216
2237
2256
2276
2294
2313
2331
2349
2365
2380
2395
2409
2423
2435
2447
2457
2466
2475
2483
2490
2496
2500
2504
2506
2507
2508
2507
2505
2503
2498
2492
2485
2477
2468
2458
2448
2436
2424
2409
2395
2380
2365
2348
2331
2313
2296
2276
2257
2237
2217
2196
2176
2154
2133
2113
2091
2069
2048
2027
2006
1985
1965
1945
1925
1905
1887
1868
1850
1833
1815
1801
1786
1771
1758
1746
1734
1724
1714
1705
1697
1692
1686
1681
1678
1675
1674
1674
1675
1677
1679
1684
1690
1696
1704
1713
1723
1733
1745
1758
1771
1786
1801
1817
1834
1851
1866
1887
1906
1925
1945
1966
1987
2008
2029
2050
2072
2093
2114
2136
2159
2178
2199
2219
2239
2259
2279
2298
2316
2334
2353
2368
2383
2398
2412
2425
2437
2449
2459
2468
2476
2484
2491
2497
2501
2505
2506
2508
2508
2507
2505
2502
2497
2490
2483
2475
2467
2457
2446
2433
2421
2407
2393
2378
2362
2345
2328
2310
2291
2273
2253
2233
2215
2192
2172
2150
2129
2108
2087
2065
2044
2023
2002
1981
1961
1941
1921
1902
1883
1865
1847
1830
1813
1798
1783
1769
1756
1744
1732
1722
1713
1704
1696
1691
1686
1680
1677
1675
1674
1674
1675
1677
1680
1685
1691
1697
1705
1715
1724
1735
1748
1761
1772
1789
1805
1820
1837
1854
1872
1891
1909
1929
1949
1969
1990
2011
2033
2054
2076
2097
2119
2140
2161
2182
2202
2223
2243
2263
2283
2301
2320
2336
2354
2370
2385
2401
2415
2427
2439
2450
2461
2469
2479
2486
2493
2497
2499
2505
2507
2507
2508
2506
2505
2501
2495
2489
2482
2473
2465
2455
2444
2431
2419
2405
2390
2375
2359
2342
2325
2306
2288
2269
2250
2230
2209
2189
2168
2147
2126
2105
2083
2061
2040
2019
1998
1977
1957
1937
1918
1898
1879
1861
1843
1827
1811
1795
1780
1767
1754
1741
1730
1720
1710
1702
1696
1690
1685
1679
1677
1675
1674
1674
1675
1678
1681
1686
1692
1698
1706
1716
1727
1737
1749
1762
1778
1791
1807
1823
1841
1857
1875
1895
1914
1933
1953
1973
1994
2015
2037
2058
2079
2100
2123
2144
2165
2185
2208
2227
2247
2267
2287
2305
2323
2340
2357
2373
2388
2403
2417
2429
2441
2452
2462
2471
2480
2487
2493
2498
2502
2505
2507
2508
2507
2506
2504
2500
2494
2488
2481
2472
2463
2453
2441
2429
2416
2401
2387
2371
2353
2338
2321
2303
2285
2265
2247
2225
2205
2185
2164
2143
2121
2100
2079
2057
2036
2016
1994
1973
1953
1933
1914
1895
1876
1858
1841
1824
1808
1793
1777
1764
1751
1740
1729
1718
1709
1700
1694
1689
1684
1680
1677
1675
1674
1674
1676
1678
1681
1687
1694
1700
1709
1718
1728
1740
1754
1765
1781
1794
1806
1826
1844
1861
1879
1898
1917
1937
1957
1977
1998
2019
2041
2062
2084
2105
2123
2147
2169
2190
2211
2231
2250
2270
2289
2308
2326
2344
2361
2376
2392
2406
2420
2432
2444
2454
2465
2473
2481
2488
2494
2499
2503
2505
2508
2508
2507
2506
2504
2499
2493
2487
2479
2471
2461
2450
2439
2426
2413
2399
2384
2369
2353
2336
2319
2300
2281
2262
2242
2222
2202
2181
2159
2139
2117
2096
2074
2053
2031
2011
1991
1969
1949
1929
1911
1891
1873
1855
1837
1821
1805
1789
1775
1761
1749
1737
1727
1716
1708
1699
1694
1688
1682
1679
1676
1674
1674
1674
1676
1678
1682
1688
1695
1702
1710
1720
1730
1742
1755
1768
1783
1797
1813
1829
1847
1864
1884
1901
1921
1940
1961
1981
2002
2023
2043
2066
2088
2109
2130
2151
2173
2194
2215
2234
2254
2273
2293
2312
2329
2346
2364
2379
2394
2408
2424
2434
2445
2456
2466
2474
2482
2489
2495
2500
2503
2506
2507
2507
2506
2505
2503
2498
2493
2485
2478
2468
2459
2448
2437
2424
2410
2396
2381
2365
2349
2332
2315
2296
2277
2258
2239
2218
2197
2177
2156
2135
2113
2093
2071
2049
2029
2007
1987
1966
1946
1925
1907
1888
1869
1851
1834
1817
1802
1787
1773
1760
1749
1735
1725
1714
1706
1698
1694
1686
1681
1678
1675
1674
1674
1674
1676
1679
1683
1690
1696
1703
1712
1722
1732
1744
1759
1770
1785
1800
1816
1832
1850
1868
1886
1905
1924
1944
1965
1985
2006
2027
2048
2071
2092
2113
2134
2155
2177
2197
2219
2239
2258
2277
2297
2315
2333
2349
2367
2381
2397
2411
2424
2436
2445
2458
2468
2476
2484
2491
2496
2501
2504
2506
2508
2508
2507
2505
2499
2497
2491
2484
2476
2467
2458
2446
2434
2421
2408
2393
2378
2362
2346
2329
2312
2292
2273
2254
2234
2215
2194
2173
2149
2131
2109
2088
2067
2045
2024
2003
1983
1962
1942
1922
1903
1885
1866
1848
1832
1815
1799
1784
1771
1757
1745
1733
1723
1713
1704
1697
1692
1686
1682
1678
1675
1674
1674
1675
1677
1680
1684
1691
1697
1705
1713
1723
1735
1746
1759
1773
1788
1803
1818
1835
1853
1870
1889
1909
1928
1948
1969
1989
2010
2031
2053
2075
2096
2117
2139
2159
2180
2201
2223
2242
2262
2281
2300
2318
2333
2353
2369
2385
2399
2414
2427
2438
2450
2460
2469
2478
2485
2491
2497
2501
2506
2506
2508
2507
2506
2504
2502
2496
2490
2482
2475
2466
2455
2444
2433
2419
2406
2391
2376
2360
2343
2326
2308
2289
2271
2251
2232
2210
2190
2169
2148
2127
2106
2084
2061
2041
2022
2000
1978
1958
1938
1919
1900
1881
1863
1845
1828
1812
1796
1781
1768
1755
1742
1731
1721
1712
1703
1696
1690
1684
1678
1677
1675
1674
1674
1675
1678
1680
1686
1692
1698
1706
1716
1726
1737
1748
1761
1775
1791
1805
1822
1839
1856
1874
1893
1912
1929
1952
1972
1993
2014
2036
2057
2079
2100
2121
2143
2164
2184
2205
2226
2245
2265
2285
2304
2321
2339
2356
2372
2388
2403
2416
2429
2440
2452
2462
2471
2479
2486
2493
2497
2502
2505
2507
2508
2507
2506
2504
2501
2495
2489
2481
2473
2463
2454
2442
2430
2417
2403
2388
2373
2357
2340
2323
2305
2286
2267
2247
2227
2207
2186
2165
2144
2123
2101
2080
2058
2037
2017
1995
1971
1954
1935
1915
1896
1877
1859
1841
1825
1808
1793
1779
1765
1753
1741
1729
1719
1710
1702
1695
1689
1683
1680
1677
1674
1674
1674
1676
1678
1681
1687
1693
1699
1708
1717
1727
1739
1751
1764
1778
1793
1809
1825
1842
1859
1877
1898
1915
1935
1955
1975
1997
2018
2039
2057
2082
2103
2124
2147
2167
2185
2209
2229
2249
2269
2288
2308
2325
2342
2359
2375
2390
2405
2418
2432
2443
2454
2464
2473
2481
2488
2493
2499
2503
2505
2507
2508
2507
2507
2503
2500
2493
2487
2479
2469
2462
2451
2440
2429
2415
2400
2385
2369
2354
2336
2319
2303
2282
2263
2243
2224
2203
2183
2162
2141
2118
2097
2076
2055
2034
2012
1992
1970
1951
1929
1911
1893
1873
1856
1839
1822
1806
1791
1776
1760
1749
1738
1728
1717
1709
1700
1694
1688
1683
1679
1676
1674
1674
1674
1676
1678
1682
1686
1694
1701
1709
1719
1729
1741
1753
1767
1780
1795
1812
1828
1845
1863
1881
1901
1920
1938
1959
1980
2000
2024
2043
2064
2086
2109
2129
2149
2171
2192
2213
2233
2253
2273
2292
2310
2328
2347
2362
2378
2393
2407
2421
2433
2445
2456
2465
2474
2482
2489
2495
2500
2504
2506
2508
2508
2507
2505
2503
2499
2493
2486
2478
2469
2460
2449
2437
2425
2412
2398
2383
2368
2351
2333
2316
2298
2279
2257
2240
2220
2199
2178
2158
2137
2114
2094
2073
2051
2029
2009
1988
1968
1947
1927
1908
1889
1870
1852
1835
1820
1802
1787
1773
1761
1747
1736
1725
1715
1706
1698
1693
1687
1682
1680
1676
1674
1674
1674
1676
1679
1683
1689
1695
1703
1711
1723
1731
1744
1756
1769
1784
1800
1815
1831
1848
1866
1885
1905
1922
1943
1962
1983
2004
2026
2047
2068
2089
2111
2133
2154
2175
2196
2216
2237
2257
2276
2295
2313
2331
2349
2365
2381
2397
2410
2424
2436
2447
2457
2467
2476
2484
2490
2496
2500
2504
2506
2508
2508
2506
2505
2502
2497
2492
2484
2477
2468
2458
2447
2435
2423
2409
2394
2380
2364
2348
2331
2313
2294
2275
2257
2236
2216
2195
2175
2153
2132
2111
2089
2068
2047
2026
2005
1984
1964
1943
1926
1905
1885
1867
1849
1832
1816
1800
1785
1771
1757
1745
1734
1723
1713
1705
1697
1691
1686
1681
1678
1675
1674
1674
1676
1677
1679
1684
1690
1696
1704
1713
1723
1734
1746
1759
1772
1786
1802
1817
1834
1852
1871
1889
1907
1927
1945
1967
1987
2008
2030
2051
2074
2094
2115
2137
2158
2178
2199
2220
2241
2260
2280
2299
2317
2334
2354
2368
2384
2399
2415
2425
2438
2448
2459
2469
2477
2485
2492
2497
2501
2504
2507
2508
2508
2506
2505
2502
2497
2490
2484
2475
2466
2456
2446
2433
2420
2407
2392
2377
2363
2344
2327
2309
2291
2272
2253
2233
2212
2192
2171
2150
2129
2108
2086
2065
2043
2022
2001
1980
1960
1940
1920
1901
1880
1864
1847
1829
1813
1797
1783
1768
1756
1743
1732
1722
1713
1703
1696
1690
1681
1680
1679
1675
1674
1674
1675
1677
1680
1685
1692
1698
1706
1714
1725
1736
1750
1761
1775
1789
1805
1821
1837
1855
1873
1891
1911
1930
1950
1970
1991
2012
2033
2055
2077
2097
2119
2140
2162
2183
2204
2224
2244
2264
2283
2302
2320
2337
2355
2371
2386
2401
2415
2427
2437
2451
2461
2470
2478
2485
2491
2498
2502
2505
2507
2507
2507
2505
2504
2501
2496
2489
2481
2473
2465
2454
2442
2431
2418
2404
2389
2373
2358
2341
2320
2306
2288
2268
2249
2228
2209
2188
2167
2146
2127
2104
2082
2061
2040
2018
1997
1976
1956
1936
1918
1897
1879
1860
1843
1826
1810
1794
1780
1766
1753
1741
1731
1720
1710
1702
1695
1689
1684
1680
1677
1675
1676
1675
1676
1677
1681
1686
1693
1699
1708
1716
1725
1738
