1721
1741
1760
1779
1801
1818
1837
1855
1873
1890
1905
1921
1934
1946
1957
1967
1975
1981
1985
1988
1990
1989
1987
1982
1977
1969
1959
1948
1937
1923
1908
1893
1877
1859
1842
1822
1803
1784
1764
1745
1726
1707
1690
1673
1657
1641
1626
1614
1602
1591
1582
1575
1570
1566
1564
1563
1565
1568
1573
1580
1589
1599
1610
1623
1637
1652
1668
1685
1702
1721
1739
1759
1778
1797
1817
1836
1854
1872
1889
1905
1920
1933
1945
1956
1966
1974
1981
1985
1988
1990
1989
1986
1981
1977
1969
1960
1947
1937
1925
1909
1892
1877
1861
1842
1823
1804
1785
1765
1746
1727
1709
1691
1674
1658
1642
1627
1614
1602
1592
1583
1576
1570
1566
1563
1563
1565
1569
1573
1580
1588
1598
1609
1622
1636
1652
1667
1684
1701
1720
1738
1758
1777
1796
1816
1834
1853
1871
1888
1904
1919
1932
1945
1956
1965
1973
1980
1985
1988
1990
1989
1987
1983
1973
1969
1961
1950
1938
1924
1911
1895
1879
1861
1845
1824
1806
1786
1766
1747
1729
1709
1692
1674
1658
1642
1628
1615
1603
1593
1584
1576
1570
1566
1564
1563
1564
1568
1573
1579
1587
1598
1609
1621
1635
1650
1666
1683
1700
1719
1737
1757
1777
1796
1815
1834
1853
1870
1887
1903
1918
1931
1944
1955
1965
1973
1980
1985
1988
1989
1989
1987
1983
1977
1970
1961
1951
1938
1925
1911
1896
1880
1862
1844
1825
1807
1787
1767
1748
1729
1711
1693
1675
1659
1643
1629
1616
1604
1594
1584
1576
1570
1566
1564
1563
1565
1569
1573
1579
1587
1598
1608
1621
1634
1650
1666
1682
1699
1717
1736
1756
1775
1795
1814
1832
1851
1869
1886
1902
1917
1931
1943
1955
1964
1973
1979
1985
1988
1989
1989
1987
1983
1978
1970
1961
1951
1939
1926
1913
1897
1881
1864
1845
1826
1808
1788
1768
1749
1730
1712
1694
1677
1662
1645
1630
1617
1604
1594
1585
1577
1571
1566
1564
1563
1565
1568
1572
1578
1587
1596
1608
1620
1634
1649
1665
1681
1698
1716
1736
1754
1774
1793
1813
1831
1850
1868
1885
1901
1917
1930
1943
1954
1964
1972
1979
1985
1988
1989
1990
1987
1984
1978
1971
1962
1952
1940
1927
1913
1900
1881
1864
1846
1828
1808
1789
1769
1751
1731
1713
1695
1678
1661
1645
1630
1618
1605
1594
1585
1577
1571
1567
1564
1563
1565
1565
1572
1578
1586
1596
1607
1619
1634
1648
1664
1680
1697
1716
1735
1753
1773
1793
1812
1831
1849
1867
1885
1901
1915
1929
1942
1953
1963
1972
1978
1985
1987
1989
1989
1987
1984
1978
1971
1962
1952
1941
1928
1914
1898
1882
1865
1847
1828
1809
1790
1771
1751
1732
1713
1695
1678
1662
1646
1632
1618
1606
1595
1586
1577
1571
1567
1566
1563
1564
1567
1572
1578
1586
1595
1606
1618
1632
1647
1663
1679
1696
1714
1733
1753
1772
1791
1810
1829
1848
1866
1883
1899
1915
1928
1941
1953
1962
1971
1979
1984
1987
1989
1990
1987
1984
1979
1970
1963
1953
1941
1929
1915
1900
1883
1866
1849
1829
1810
1792
1772
1753
1733
1715
1696
1679
1663
1648
1632
1619
1606
1595
1586
1578
1572
1567
1565
1565
1564
1567
1571
1577
1585
1595
1605
1618
1631
1646
1662
1678
1695
1713
1732
1752
1770
1790
1809
1828
1847
1865
1882
1899
1914
1928
1940
1953
1962
1971
1978
1984
1987
1989
1990
1988
1984
1979
1972
1964
1953
1942
1929
1916
1901
1884
1867
1849
1830
1812
1793
1772
1753
1736
1716
1697
1680
1664
1648
1633
1619
1607
1596
1586
1578
1572
1568
1565
1563
1564
1567
1571
1577
1583
1594
1605
1617
1630
1646
1661
1677
1695
1712
1731
1750
1769
1789
1808
1827
1845
1864
1881
1897
1913
1927
1940
1952
1962
1970
1978
1983
1987
1989
1991
1988
1985
1979
1974
1964
1954
1943
1930
1916
1901
1885
1869
1850
1831
1813
1794
1774
1755
1736
1717
1698
1683
1665
1649
1634
1620
1608
1597
1587
1579
1573
1568
1565
1563
1564
1566
1570
1577
1584
1594
1604
1616
1630
1644
1660
1677
1694
1711
1730
1749
1768
1790
1807
1826
1845
1863
1880
1897
1912
1926
1939
1951
1961
1970
1977
1984
1987
1989
1990
1988
1985
1980
1973
1965
1954
1943
1930
1917
1902
1886
1869
1851
1833
1814
1794
1775
1756
1736
1717
1699
1682
1666
1650
1636
1621
1609
1597
1587
1579
1573
1568
1565
1563
1563
1566
1571
1576
1584
1593
1604
1616
1629
1643
1659
1675
1693
1710
1729
1748
1767
1787
1806
1825
1844
1862
1879
1896
1911
1925
1939
1950
1961
1969
1977
1983
1987
1989
1990
1988
1985
1980
1974
1965
1955
1944
1932
1918
1903
1887
1870
1852
1834
1815
1795
1776
1757
1737
1719
1700
1683
1666
1650
1635
1621
1609
1598
1588
1580
1573
1569
1565
1563
1563
1566
1570
1575
1584
1589
1603
1615
1628
1642
1658
1674
1692
1711
1728
1747
1766
1785
1805
1824
1842
1861
1879
1895
1911
1924
1938
1950
1960
1969
1977
1984
1986
1991
1990
1989
1985
1980
1974
1966
1956
1945
1933
1919
1904
1889
1871
1853
1835
1818
1797
1777
1758
1739
1720
1701
1684
1667
1651
1636
1622
1610
1598
1589
1580
1571
1569
1565
1563
1563
1566
1570
1576
1583
1592
1602
1614
1628
1642
1657
1674
1690
1708
1727
1746
1765
1785
1804
1823
1841
1860
1877
1894
1910
1924
1937
1949
1960
1969
1977
1983
1986
1989
1990
1988
1985
1981
1974
1966
1958
1945
1933
1920
1905
1889
1872
1854
1836
1817
1798
1778
1760
1739
1721
1702
1685
1668
1653
1637
1621
1610
1599
1589
1581
1573
1569
1565
1564
1563
1566
1569
1575
1582
1592
1602
1614
1626
1640
1657
1673
1690
1707
1725
1745
1764
1784
1802
1822
1841
1859
1876
1894
1909
1924
1936
1949
1959
1968
1976
1984
1986
1989
1990
1988
1985
1981
1975
1967
1957
1946
1934
1921
1905
1889
1873
