2058
2059
2058
2060
2061
2061
2062
2062
2063
2064
2065
2065
2065
2066
2066
2068
2068
2069
2070
2070
2071
2071
2073
2073
2073
2074
2074
2075
2076
2076
2077
2077
2078
2079
2080
2080
2081
2081
2082
2082
2083
2083
2084
2084
2085
2085
2087
2087
2087
2088
2089
2089
2090
2090
2091
2092
2093
2093
2093
2095
2095
2095
2096
2097
2097
2097
2098
2099
2099
2100
2101
2101
2102
2103
2103
2104
2105
2105
2106
2106
2107
2107
2108
2109
2109
2111
2111
2111
2112
2113
2111
2113
2114
2114
2115
2116
2117
2117
2118
2118
2119
2120
2121
2121
2123
2122
2122
2123
2123
2124
2125
2125
2127
2127
2127
2128
2128
2129
2129
2130
2130
2131
2132
2132
2133
2133
2134
2134
2135
2135
2135
2137
2137
2137
2138
2138
2139
2140
2140
2141
2141
2141
2142
2143
2144
2143
2145
2145
2145
2145
2146
2147
2148
2148
2149
2148
2150
2150
2151
2151
2151
2152
2152
2153
2153
2153
2154
2154
2156
2156
2156
2157
2158
2157
2159
2159
2159
2159
2160
2161
2160
2161
2163
2162
2163
2163
2165
2164
2165
2165
2165
2165
2166
2167
2167
2167
2168
2168
2169
2169
2169
2170
2170
2171
2171
2172
2172
2172
2173
2173
2173
2174
2171
2175
2175
2175
2175
2177
2177
2177
2176
2177
2177
2177
2178
2178
2179
2179
2180
2180
2180
2180
2180
2181
2181
2181
2182
2182
2183
2183
2183
2184
2184
2184
2184
2184
2185
2185
2185
2185
2186
2187
2187
2186
2187
2187
2184
2188
2188
2188
2189
2189
2189
2189
2189
2189
2190
2189
2191
2190
2191
2191
2191
2191
2191
2192
2192
2192
2192
2193
2195
2193
2193
2193
2191
2193
2193
2194
2194
2194
2194
2194
2194
2195
2192
2195
2195
2195
2197
2195
2197
2196
2196
2196
2196
2196
2196
2196
2194
2197
2197
2197
2197
2197
2197
2197
2197
2197
2197
2197
2198
2197
2197
2197
2197
2197
2198
2197
2198
2198
2198
2198
2198
2198
2198
2198
2198
2198
2198
2198
2199
2197
2198
2199
2198
2198
2198
2198
2198
2198
2199
2198
2198
2198
2198
2197
2199
2197
2197
2198
2197
2198
2199
2197
2197
2197
2197
2197
2197
2197
2196
2197
2197
2196
2197
2196
2197
2196
2198
2196
2196
2196
2196
2195
2196
2196
2195
2195
2195
2194
2194
2194
2194
2194
2194
2194
2194
2193
2193
2193
2193
2193
2192
2192
2192
2192
2193
2191
2191
2191
2191
2191
2191
2191
2191
2189
2190
2189
2189
2189
2189
2189
2189
2188
2184
2188
2187
2187
2187
2187
2186
2186
2186
2185
2185
2185
2184
2184
2184
2184
2183
2183
2184
2183
2182
2182
2181
2181
2181
2181
2180
2180
2180
2179
2180
2179
2179
2178
2178
2177
2177
2177
2179
2176
2173
2175
2172
2176
2175
2175
2174
2174
2174
2173
2173
2173
2172
2172
2172
2171
2171
2170
2170
2169
2170
2169
2168
2168
2168
2167
2167
2166
2166
2166
2165
2165
2164
2164
2163
2164
2163
2162
2162
2162
2161
2161
2161
2160
2160
2159
2159
2159
2158
2157
2157
2157
2156
2156
2156
2154
2154
2154
2153
2153
2152
2152
2152
2151
2152
2150
2150
2149
2149
2148
2149
2148
2147
2147
2146
2146
2145
2145
2145
2144
2143
2142
2142
2142
2142
2141
2140
2140
2140
2138
2138
2138
2137
2137
2136
2136
2135
2134
2135
2134
2133
2132
2132
2131
2132
2130
2130
2129
2128
2128
2128
2128
2126
2127
2126
2125
2125
2125
2124
2123
2123
2123
2122
2122
2122
2121
2120
2119
2120
2118
2117
2117
2116
2115
2114
2114
2113
2113
2113
2112
2111
2111
2109
2109
2108
2108
2108
2106
2106
2105
2105
2104
2105
2103
2103
2102
2102
2100
2101
2100
2099
2098
2098
2098
2098
2097
2097
2095
2095
2094
2093
2093
2091
2092
2091
2091
2090
2089
2089
2088
2088
2087
2087
2086
2086
2085
2085
2084
2084
2083
2082
2081
2081
2080
2080
2080
2079
2078
2077
2077
2077
2076
2075
2075
2074
2073
2073
2072
2072
2071
2071
2070
2072
2069
2068
2068
2068
2067
2066
2065
2065
2065
2064
2064
2063
2063
2062
2061
2058
2060
2060
2060
2058
2058
2059
2057
2057
2056
2056
2055
2055
2054
2054
2053
2052
2052
2052
2051
2051
2050
2049
2049
2048
2048
2048
2047
2047
2046
2045
2045
2045
2044
2044
2044
2043
2042
2042
2041
2041
2040
2041
2039
2039
2039
2038
2038
2037
2037
2037
2036
2035
2035
2035
2034
2033
2033
2030
2033
2032
2031
2031
2030
2030
2030
2029
2029
2029
2028
2028
2027
2026
2025
2026
2026
2025
2024
2024
2023
2024
2022
2022
2022
2021
2021
2021
2020
2019
2019
2018
2018
2018
2018
2017
2017
2017
2017
2016
2015
2015
2014
2014
2014
2013
2013
2013
2012
2013
2012
2012
2011
2011
2010
2010
2009
2009
2009
2009
2008
2008
2007
2009
2006
2006
2006
2005
2005
2005
2004
2004
2004
2004
2003
2002
2003
2002
2002
2002
2002
2001
2001
2001
2001
2001
2000
2000
1999
1999
1999
1999
1998
1998
1997
1998
1997
1997
1996
1997
1996
1996
1996
1996
1995
1995
1995
1995
1994
1994
1994
1994
1993
1993
1993
1993
1993
1993
1992
1993
1991
1992
1991
1991
1991
1991
1991
1991
1990
1990
1990
1990
1989
1992
1989
1989
1989
1989
1989
1991
1988
1985
1988
1988
1988
1988
1988
1988
1987
1988
1987
1987
1987
1987
1987
1987
1987
1987
1987
1987
1986
1986
1986
1986
1986
1985
1986
1986
1986
1986
1986
1985
1985
1985
1985
1985
1985
1985
1985
1985
1985
1985
1985
1985
1985
1985
1986
1985
1985
1985
1985
1985
1985
1985
1985
1987
1985
1985
1985
1985
1985
1985
1985
1985
1985
1986
1985
1986
1986
1985
1985
1986
1986
1986
1986
1986
1986
1986
1986
1986
1986
1986
1986
1987
1987
1987
1987
1988
1987
1989
1988
1988
1987
1988
1988
1988
1988
1988
1988
1990
1989
1989
1989
1989
1989
1990
1989
1990
1991
1990
1990
1990
1991
1991
1991
1991
1991
1992
1992
1992
1992
1993
1993
1993
1993
1993
1993
1993
1994
1994
1994
1994
1995
1996
1996
1996
1996
1997
1996
1996
1997
1997
1997
1997
1998
1998
1998
1999
1999
1999
2000
2000
2000
2000
2001
2001
2001
2001
2002
2002
2002
2002
2003
2004
2003
2004
2004
2005
2005
2005
2005
2006
2005
2007
2007
2007
2008
2008
2008
2009
2009
2009
2009
2006
2010
2011
2011
2011
2012
2012
2012
2013
2013
2013
2014
2011
2015
2015
2015
2015
2016
2017
2017
2017
2017
2018
2018
2018
2019
2019
2019
2020
2020
2021
2021
2022
2021
2023
2023
2022
2023
2024
2024
2025
2025
2025
2026
2027
2028
2028
2028
2029
2029
2029
2030
2031
2031
2031
2031
2032
2033
2033
2033
2035
2034
2035
2035
2036
2037
2037
2037
2038
2038
2041
2039
2041
2041
2041
2041
2042
2042
2043
2043
2044
2045
2045
2045
2046
2046
2047
2047
2048
2048
2049
2049
2050
2050
2051
2051
2051
2052
2053
2053
2053
2054
2055
2055
2055
2056
2056
2057
2057
2057
2058
2059
2060
2060
2061
2061
2063
2063
2064
2064
2065
2065
2066
2067
2068
2068
2069
2069
2070
2071
2071
2072
2073
2073
2073
2074
2075
2075
2076
2077
2079
2077
2078
2079
2080
2080
2080
2081
2082
2082
2083
2084
2084
2085
2085
2086
2087
2087
2088
2089
2089
2089
2090
2091
2092
2092
2093
2093
2094
2094
2095
2096
2097
2097
2098
2098
2099
2099
2100
2100
2101
2101
2102
2103
2104
2104
2105
2105
2106
2107
2107
2108
2109
2109
2111
2110
2111
2111
2112
2112
2113
2113
2114
2115
2116
2116
2117
2117
2118
2119
2119
2120
2121
2121
2123
2122
2123
2123
2124
2124
2125
2126
2126
2127
2127
2128
2129
2129
2129
2130
2131
2131
2132
2132
2133
2133
2135
2135
2135
2136
2136
2137
2137
2138
2138
2139
2139
2140
2141
2141
2141
2142
2143
2143
2144
2144
2145
2145
2145
2147
2147
2147
2148
2148
2149
2149
2150
2150
2151
2151
2151
2152
2152
2153
2153
2154
2152
2154
2156
2156
2157
2156
2156
2157
2159
2159
2160
2159
2160
2160
2161
2161
2161
2162
2163
2163
2164
2164
2165
2165
2165
2166
2167
2167
2168
2168
2164
2168
2169
2169
2170
2170
2171
2170
2171
2171
2172
2173
2173
2173
2173
2174
2175
2175
2175
2175
2176
2176
2177
2177
2177
2177
2177
2178
2178
2178
2179
2180
2180
2180
2180
2181
2180
2181
2181
2182
2183
2183
2183
2183
2184
2184
2186
2184
2185
2185
2185
2185
2185
2186
2185
2186
2187
2187
2188
2188
2188
2188
2188
2188
2189
2189
2189
2189
2190
2190
2190
2190
2190
2191
2190
2191
2193
2191
2192
2192
2192
2192
2189
2193
2192
2194
2193
2193
2193
2193
2194
2194
2194
2193
2194
2194
2194
2194
2195
2195
2195
2195
2195
2196
2194
2196
2196
2196
2196
2196
2196
2196
2197
2196
2196
2197
2197
2196
2197
2197
2198
2197
2199
2198
2197
2197
2198
2198
2198
2198
2198
2198
2198
2198
2198
2198
2200
2198
2196
2198
2198
2198
2198
2197
2199
2197
2198
2198
2199
2198
2198
2198
2198
2198
2198
2198
2198
2198
2198
2197
2198
2198
2197
2197
2198
2197
2197
2197
2197
2197
2197
2197
2197
2197
2197
2196
2196
2196
2197
2196
2196
2197
2196
2196
2196
2195
2196
2195
2195
2195
2197
2195
2194
2194
2194
2194
2193
2194
2194
2193
2194
2193
2193
2193
2193
2192
2193
2192
2192
2192
2191
2191
2192
2191
2191
2191
2190
2190
2190
2189
2190
2189
2189
2189
2189
2189
2188
2188
2189
2187
2187
2187
2186
2186
2186
2185
2186
2185
2185
2184
2184
2184
2184
2183
2184
2183
2183
2182
2182
2181
2181
2181
2181
2181
2180
2180
2177
2179
2177
2178
2178
2178
2178
2178
2177
2177
2177
2177
2175
2175
2176
2175
2175
2174
2174
2173
2174
2173
2173
2172
2172
2171
2171
2171
2170
2170
2169
2169
2169
2169
2168
2168
2167
2167
2166
2166
2166
2165
2165
2164
2165
2163
2164
2163
2162
2162
2161
2161
2162
2161
2160
2160
2161
2159
2159
2158
2158
2157
2157
2156
2156
2155
2155
2154
2154
2153
2152
2152
2152
2152
2152
2151
2152
2150
2149
2149
2149
2148
2148
2147
2147
2146
2146
2145
2145
2144
2144
2143
2143
2143
2139
2141
2141
2141
2140
2140
2139
2138
2138
2137
2137
2136
2136
2136
2134
2134
2134
2133
2133
2132
2132
2132
2130
2130
2130
2129
2129
2128
2129
2127
2127
2126
2126
2125
2126
2124
2124
2123
2122
2122
2122
2121
2121
2121
2120
2119
2119
2118
2117
2116
2115
2115
2114
2113
2113
2113
2112
2111
2111
2110
2109
2109
2109
2107
2107
2106
2106
2105
2107
2104
2102
2103
2103
2102
2101
2100
2100
2100
2099
2098
2098
2097
2097
2096
2096
2094
2095
2093
2093
2093
2093
2092
2091
2090
2090
2089
2089
2088
2088
2087
2086
2086
2085
2085
2084
2083
2083
2082
2081
2081
2081
2080
2081
2079
2079
2077
2077
2077
2076
2076
2075
2074
2074
2073
2073
2073
2072
2071
2071
2069
2069
2069
2068
2068
2067
2066
2066
2066
2065
2065
2064
2063
2063
2062
2060
2061
2061
2060
2061
2059
2058
2058
2057
2057
2057
2056
2056
2055
2055
2054
2053
2053
2053
2052
2052
2051
2050
2050
2049
2049
2048
2048
2048
2047
2046
2046
2045
2045
2045
2044
2043
2043
2043
2042
2042
2041
2041
2040
2040
2039
2039
2038
2038
2037
2037
2037
2037
2036
2035
2035
2034
2033
2033
2033
2032
2031
2032
2031
2031
2030
2030
2029
2025
2028
2028
2027
2027
2026
2026
2025
2026
2024
2025
2024
2024
2023
2023
2023
2022
2021
2022
2020
2020
2020
2019
2019
2019
2018
2018
2017
2017
2017
2016
2016
2015
2015
2015
2015
2014
2013
2013
2013
2013
2012
2012
2012
2011
2010
2010
2010
2007
2009
2009
2009
2009
2008
2008
2007
2007
2007
