1884
1971
2061
2151
2239
2321
2391
2448
2489
2513
2516
2499
2464
2411
2345
2266
2181
2090
2000
1913
1835
1769
1716
1681
1664
1669
1692
1734
1791
1862
1945
2032
2123
2212
2296
2370
2432
2478
2508
2519
2506
2477
2429
2367
2292
2208
2120
2028
1940
1859
1789
1731
1691
1668
1666
1682
1718
1771
1838
1917
2004
2094
2184
2270
2349
2414
2465
2500
2516
2513
2488
2446
2389
2318
2236
2148
2057
1968
1884
1809
1748
1701
1673
1663
1675
1705
1753
1816
1891
1976
2065
2157
2243
2324
2394
2450
2491
2514
2516
2498
2461
2408
2341
2262
2177
2085
1995
1909
1831
1766
1714
1680
1665
1669
1693
1736
1795
1866
1949
2037
2128
2216
2300
2374
2434
2480
2509
2519
2506
2474
2426
2364
2289
2204
2113
2024
1936
1855
1785
1729
1690
1667
1667
1684
1721
1775
1843
1921
2009
2099
2191
2275
2353
2417
2468
2502
2519
2511
2487
2442
2384
2313
2231
2142
2051
1962
1879
1805
1744
1699
1672
1662
1673
1707
1757
1820
1897
1981
2072
2162
2249
2329
2397
2453
2493
2514
2516
2497
2458
2404
2336
2257
2170
2079
1989
1903
1827
1761
1713
1678
1664
1670
1695
1740
1800
1872
1954
2043
2134
2223
2306
2379
2439
2482
2509
2518
2504
2471
2422
2359
2283
2197
2108
2017
1929
1850
1780
1725
1687
1666
1666
1686
1725
1779
1848
1928
2015
2106
2195
2281
2357
2421
2471
2503
2518
2510
2484
2440
2381
2308
2225
2136
2046
1957
1873
1800
1741
1696
1672
1664
1678
1709
1761
1825
1902
1987
2077
2168
2255
2334
2403
2457
2495
2514
2516
2495
2455
2401
2332
2252
2165
2074
1985
1899
1823
1758
1709
1677
1664
1672
1695
1743
1803
1876
1959
2048
2140
2228
2310
2383
2439
2485
2511
2518
2503
2469
2420
2355
2278
2192
2103
2012
1925
1845
1777
1723
1685
1666
1667
1688
1727
1782
1852
1932
2019
2111
2200
2285
2361
2424
2472
2505
2518
2509
2482
2437
2376
2303
2220
2131
2041
1952
1869
1796
1738
1695
1670
1665
1680
1713
1763
1829
1906
1992
2082
2172
2259
2338
2406
2458
2497
2515
2515
2493
2453
2397
2328
2247
2160
2069
1979
1895
1819
1755
1706
1676
1663
1673
1701
1745
1807
1880
1964
2053
2144
2233
2314
2385
2444
2487
2512
2517
2501
2467
2417
2351
2273
2187
2098
2008
1921
1841
1774
1720
1686
1666
1668
1690
1729
1786
1856
1937
2023
2115
2205
2289
2365
2428
2475
2506
2518
2508
2480
2433
2373
2298
2215
2125
2035
1947
1866
1793
1735
1694
1670
1664
1677
1715
1767
1833
1913
1997
2087
2177
2265
2343
2409
2462
2498
2516
2514
2491
2449
2393
2323
2241
2154
2063
1973
1889
1814
1752
1704
1674
1663
1674
1702
1749
1811
1885
1968
2059
2150
2237
2320
2390
2447
2489
2512
2516
2500
2465
2413
2346
2268
2181
2092
2001
1915
1836
1769
1717
1682
1666
1668
1691
1732
1790
1861
1943
2032
2122
2211
2295
2369
2431
2479
2507
2515
2507
2478
2430
2368
2294
2210
2120
2030
1941
1860
1789
1730
1692
1668
1665
1682
1718
1771
1837
1916
2002
2093
2183
2271
2347
2413
2465
2500
2516
2513
2489
2447
2389
2319
2237
2149
2058
1969
1885
1810
1748
1701
1673
1663
1675
1705
1752
1817
1890
1971
2064
2155
2242
2324
2393
2450
2491
2513
2516
2498
2462
2409
2343
2264
2177
2087
1997
1911
1832
1768
1714
1681
1665
1669
1693
1735
1793
1865
1947
2035
2126
2215
2299
2373
2433
2479
2509
2519
2506
2476
2428
2365
2290
2205
2116
2025
1937
1856
1786
1729
1690
1668
1665
1684
1720
1775
1841
1920
2007
2098
2187
2273
2351
2416
2467
2501
2517
2512
2487
2445
2386
2314
2233
2145
2053
1964
1881
1806
1745
1700
1673
1662
1675
1706
1754
1818
1894
1979
2068
2160
2246
2328
2397
2452
2492
2514
2516
2497
2460
2406
2338
2259
2173
2082
1992
1907
1829
1763
1713
1679
1664
1670
1695
1737
1797
1869
1952
2040
2131
2220
2303
2376
2436
2482
2509
2519
2505
2473
2424
2360
2285
2201
2110
2020
1932
1851
1783
1725
1689
1667
1666
1686
1723
1777
1846
1925
2013
2103
2192
2279
2355
2420
2469
2503
2518
2511
2485
2441
2382
2310
2226
2139
2047
1959
1875
1805
1742
1697
1672
1663
1677
1709
1759
1823
1900
1985
2075
2166
2253
2333
2401
2455
2494
2515
2515
2496
2457
2401
2333
2254
2167
2077
1986
1901
1824
1760
1710
1678
1664
1672
1697
1742
1801
1875
1957
2046
2137
2226
2308
2381
2440
2484
2510
2518
2504
2470
2421
2356
2280
2194
2104
2014
1927
1847
1778
1723
1686
1667
1666
1688
1725
1781
1850
1930
2018
2109
2198
2283
2360
2423
2472
2504
2517
2510
2482
2440
2377
2305
2221
2133
2042
1953
1871
1799
1739
1695
1670
1664
1679
1711
1762
1827
1904
1992
2080
2170
2257
2337
2404
2458
2495
2516
2514
2493
2453
2399
2329
2249
2162
2071
1981
1896
1820
1756
1707
1677
1664
1672
1698
1744
1805
1879
1962
2049
2142
2231
2312
2385
2442
2486
2511
2517
2502
2466
2418
2353
2275
2190
2100
2009
1922
1844
1775
1721
1685
1666
1667
1688
1728
1784
1855
1935
2023
2112
2203
2288
2363
2426
2474
2505
2518
2510
2481
2435
2375
2300
2217
2129
2037
1950
1867
1795
1737
1695
1669
1664
1680
1713
1765
1830
1908
1994
2084
2175
2262
2340
2407
2460
2497
2516
2514
2492
2451
2396
2326
2245
2157
2066
1977
1892
1817
1754
1705
1676
1663
1673
1701
1748
1808
1883
1966
2056
2146
2234
2317
2388
2445
2488
2512
2517
2501
2463
2414
2349
2271
2185
2095
2005
1919
1839
1772
1719
1683
1665
1667
1690
1730
1788
1858
1939
2027
2118
2207
2292
2367
2429
2476
2506
2519
2508
2479
2432
2371
2297
2212
2124
2033
1942
1863
1792
1733
1692
1669
1665
1681
1717
1769
1835
1913
2001
2090
