2310
2311
2308
2311
2311
2312
2312
2312
2313
2313
2313
2313
2314
2314
2315
2314
2315
2315
2316
2316
2317
2316
2318
2317
2317
2317
2316
2317
2317
2317
2317
2317
2318
2318
2318
2318
2318
2318
2318
2318
2319
2318
2318
2317
2318
2318
2319
2318
2318
2318
2317
2317
2317
2317
2317
2317
2317
2317
2317
2316
2317
2315
2316
2316
2315
2315
2315
2315
2314
2314
2314
2313
2313
2313
2313
2312
2312
2312
2312
2311
2309
2310
2310
2309
2309
2308
2308
2307
2307
2307
2307
2306
2306
2305
2304
2304
2303
2303
2302
2302
2301
2301
2300
2299
2299
2299
2298
2297
2295
2296
2295
2295
2296
2294
2293
2292
2292
2291
2291
2290
2289
2289
2289
2287
2287
2285
2285
2284
2284
2282
2281
2281
2280
2280
2279
2277
2277
2276
2275
2274
2273
2273
2272
2271
2270
2269
2268
2267
2267
2265
2265
2264
2263
2262
2261
2259
2259
2258
2257
2256
2255
2254
2255
2252
2251
2250
2249
2247
2246
2245
2244
2243
2242
2241
2240
2239
2237
2237
2236
2234
2234
2232
2231
2230
2229
2227
2227
2225
2225
2223
2222
2221
2221
2219
2218
2216
2216
2213
2212
2211
2212
2209
2207
2205
2204
2203
2201
2200
2199
2197
2196
2195
2193
2192
2191
2189
2188
2186
2185
2184
2184
2181
2180
2178
2179
2176
2173
2173
2172
2170
2169
2167
2166
2164
2162
2161
2160
2159
2157
2156
2154
2153
2152
2150
2149
2147
2146
2145
2143
2141
2140
2138
2137
2135
2135
2133
2131
2130
2128
2127
2125
2124
2123
2121
2120
2118
2116
2115
2113
2112
2111
2109
2108
2106
2105
2104
2101
2100
2101
2097
2096
2095
2091
2092
2090
2088
2087
2085
2084
2082
2081
2080
2078
2077
2073
2073
2073
2071
2069
2068
2067
2065
2064
2062
2061
2060
2058
2057
2056
2054
2052
2051
2050
2048
2047
2045
2044
2043
2042
2040
2039
2037
2036
2035
2033
2031
2030
2029
2027
2025
2024
2023
2022
2020
2019
2017
2017
2015
2013
2013
2011
2009
2008
2007
2006
2004
2003
2001
2002
1999
1998
1996
1995
1993
1992
1991
1991
1988
1987
1985
1985
1984
1982
1981
1980
1978
1977
1976
1975
1973
1972
1971
1969
1968
1968
1966
1965
1964
1963
1961
1960
1959
1959
1956
1956
1954
1953
1952
1951
1950
1948
1948
1946
1945
1944
1943
1941
1941
1940
1939
1937
1937
1935
1934
1933
1933
1931
1930
1929
1928
1927
1926
1925
1924
1924
1922
1921
1921
1920
1919
1918
1917
1916
1916
1915
1913
1913
1911
1911
1910
1909
1908
1907
1907
1906
1905
1904
1903
1900
1902
1901
1900
1901
1898
1898
1896
1896
1896
1894
1894
1893
1893
1892
1891
1891
1890
1889
1889
1889
1888
1887
1887
1886
1885
1885
1884
1885
1883
1883
1882
1881
1881
1881
1880
1880
1879
1879
1878
1878
1877
1876
1876
1876
1876
1875
1874
1874
1873
1874
1873
1873
1873
1872
1872
1872
1871
1871
1871
1870
1870
1871
1869
1869
1869
1869
1869
1869
1868
1868
1868
1869
1867
1867
1868
1867
1866
1867
1867
1867
1866
1867
1866
1864
1866
1867
1866
1866
1866
1868
1866
1866
1866
1866
1866
1866
1866
1867
1866
1866
1867
1864
1867
1867
1867
1868
1868
1868
1868
1868
1868
1869
1869
1869
1869
1870
1869
1871
1871
1870
1871
1868
1872
1872
1872
1873
1873
1873
1873
1874
1873
1874
1875
1876
1876
1876
1877
1877
1877
1878
1878
1879
1879
1881
1881
1881
1881
1882
1882
1883
1883
1885
1885
1885
1885
1887
1887
1888
1889
1889
1889
1890
1891
1891
1892
1892
1893
1894
1894
1895
1896
1896
1897
1898
1899
1901
1900
1901
1901
1903
1903
1905
1905
1906
1906
1908
1908
1909
1910
1910
1911
1913
1913
1914
1915
1916
1917
1918
1918
1921
1920
1921
1921
1923
1924
1925
1925
1927
1928
1929
1929
1930
1932
1933
1934
1935
1936
1937
1938
1939
1940
1941
1943
1944
1944
1946
1947
1948
1949
1950
1951
1952
1954
1955
1956
1956
1957
1960
1960
1961
1962
1963
1965
1966
1967
1969
1970
1971
1973
1974
1975
1977
1978
1979
1981
1982
1983
1985
1986
1988
1989
1991
1992
1993
1994
1996
1997
1998
1999
2001
2002
2005
2005
2006
2007
2009
2011
2013
2013
2013
2017
2015
2019
2021
2021
2023
2025
2026
2027
2029
2030
2032
2033
2035
2036
2037
2039
2041
2042
2044
2045
2047
2048
2049
2051
2053
2053
2056
2057
2058
2060
2061
2063
2064
2066
2067
2069
2071
2072
2074
2075
2075
2077
2079
2081
2082
2084
2085
2087
2089
2089
2091
2093
2095
2096
2097
2098
2100
2101
2103
2105
2106
2108
2109
2111
2112
2113
2115
2116
2118
2119
2123
2122
2124
2125
2127
2128
2129
2131
2133
2134
2136
2137
2139
2140
2141
2143
2144
2146
2145
2148
2150
2151
2153
2154
2156
2157
2160
2160
2162
2162
2164
2166
2168
2169
2170
2171
2173
2174
2175
2177
2178
2180
2181
2182
2184
2185
2186
2188
2189
2191
2192
2193
2195
2196
2197
2199
2200
2201
2202
2204
2205
2207
2208
2209
2210
2211
2214
2214
2215
2217
2220
2219
2220
2221
2221
2224
2225
2226
2228
2229
2230
2231
2233
2234
2236
2236
2237
2239
2239
2241
2241
2243
2244
2245
2246
2247
2248
2249
2249
2251
2253
2253
2254
2256
2257
2257
2259
2260
2260
2261
2263
2264
2265
2265
2266
2268
2269
2269
2270
2271
2272
2273
2274
2274
2276
2277
2279
2278
2280
2280
2280
2281
2282
2283
2284
2285
2285
2287
2287
2288
2289
2289
2290
2291
2292
2292
2292
2293
2294
2295
2296
2296
2297
2297
2298
2298
2299
2300
2301
2301
2301
2302
2303
2303
2303
2304
2305
2305
2306
2306
2306
2306
2307
2307
2308
2308
2309
2310
2310
2311
2311
2311
2309
2312
2313
2312
2313
2313
2313
2313
2314
2314
2315
2315
2315
2315
2316
2316
2313
2316
2318
2317
2317
2317
2317
2317
2317
2317
2319
2317
