2212
2213
2213
2213
2213
2214
2213
2214
2214
2215
2215
2215
2216
2215
2216
2216
2216
2216
2217
2217
2217
2217
2217
2217
2217
2218
2217
2218
2219
2218
2219
2218
2218
2219
2219
2219
2220
2220
2219
2219
2219
2219
2220
2220
2220
2220
2220
2220
2220
2220
2220
2220
2220
2220
2220
2221
2220
2220
2220
2220
2220
2220
2220
2220
2220
2220
2220
2220
2219
2220
2219
2219
2219
2219
2219
2219
2219
2218
2218
2218
2218
2218
2218
2217
2216
2217
2217
2217
2216
2217
2216
2216
2216
2216
2215
2216
2216
2215
2215
2214
2215
2213
2213
2213
2213
2213
2211
2212
2212
2212
2211
2211
2211
2210
2211
2210
2209
2209
2209
2208
2208
2208
2207
2207
2207
2206
2206
2206
2205
2205
2205
2204
2204
2203
2203
2202
2202
2202
2201
2200
2201
2199
2200
2199
2198
2198
2200
2197
2196
2196
2196
2195
2195
2194
2193
2193
2192
2192
2192
2191
2191
2190
2189
2189
2189
2188
2187
2187
2187
2186
2186
2184
2184
2184
2183
2182
2182
2181
2181
2180
2180
2179
2178
2177
2177
2177
2174
2175
2175
2175
2173
2173
2173
2172
2172
2170
2170
2169
2169
2167
2168
2167
2166
2165
2165
2164
2164
2163
2161
2161
2161
2160
2159
2158
2157
2157
2156
2155
2154
2154
2153
2152
2152
2152
2151
2149
2149
2148
2145
2146
2146
2145
2145
2144
2144
2142
2142
2141
2140
2139
2140
2138
2137
2137
2136
2136
2135
2133
2133
2132
2131
2130
2130
2128
2127
2127
2126
2125
2124
2123
2122
2121
2120
2119
2119
2117
2117
2116
2116
2114
2113
2113
2112
2111
2110
2109
2106
2107
2106
2106
2105
2104
2104
2103
2102
2100
2101
2099
2096
2097
2096
2095
2095
2094
2093
2093
2092
2091
2089
2088
2088
2087
2086
2086
2085
2084
2083
2082
2081
2080
2080
2079
2079
2077
2073
2076
2074
2074
2073
2072
2071
2070
2070
2069
2068
2067
2066
2065
2066
2063
2060
2062
2061
2061
2060
2059
2058
2057
2057
2056
2055
2055
2054
2053
2052
2051
2050
2049
2049
2048
2048
2047
2046
2045
2045
2044
2043
2043
2041
2041
2040
2039
2039
2038
2037
2036
2036
2035
2034
2033
2033
2032
2032
2030
2030
2029
2029
2028
2027
2026
2026
2025
2024
2024
2024
2022
2021
2021
2020
2019
2019
2018
2018
2017
2017
2016
2016
2014
2013
2013
2012
2012
2011
2011
2010
2009
2009
2008
2009
2007
2006
2005
2005
2004
2004
2003
2003
2002
2001
2001
2001
2000
1999
1999
1997
1997
1997
1996
1996
1995
1995
1994
1993
1993
1994
1992
1991
1991
1991
1990
1989
1989
1988
1988
1985
1987
1987
1986
1986
1985
1985
1985
1984
1983
1983
1983
1982
1981
1981
1981
1981
1980
1980
1980
1978
1978
1979
1977
1977
1977
1977
1977
1977
1976
1975
1975
1976
1973
1975
1973
1974
1973
1973
1972
1972
1972
1972
1971
1971
1971
1970
1970
1968
1969
1969
1969
1969
1969
1969
1968
1968
1968
1968
1968
1968
1967
1967
1966
1967
1966
1967
1966
1966
1966
1965
1965
1965
1965
1965
1965
1965
1964
1965
1964
1965
1965
1964
1964
1964
1964
1964
1964
1964
1964
1964
1964
1964
1964
1964
1963
1964
1964
1964
1964
1964
1964
1964
1964
1964
1964
1964
1964
1963
1964
1963
1964
1964
1964
1964
1964
1964
1965
1965
1965
1964
1965
1965
1965
1963
1965
1965
1966
1966
1966
1966
1967
1967
1967
1967
1967
1967
1967
1968
1969
1968
1968
1969
1969
1969
1969
1969
1970
1970
1970
1971
1970
1971
1971
1972
1972
1972
1972
1973
1973
1973
1974
1975
1975
1975
1975
1976
1976
1976
1977
1977
1977
1977
1979
1978
1979
1979
1979
1981
1980
1981
1982
1981
1983
1983
1983
1983
1984
1985
1985
1985
1985
1986
1986
1987
1987
1988
1988
1989
1988
1990
1989
1992
1991
1992
1992
1992
1993
1994
1994
1995
1995
1995
1996
1997
1997
1998
1998
2000
1999
2000
2000
2001
2001
2002
2002
2003
2004
2005
2004
2006
2006
2006
2007
2008
2009
2009
2010
2010
2011
2012
2012
2013
2013
2014
2015
2016
2017
2017
2017
2019
2019
2020
2020
2021
2021
2023
2023
2024
2024
2025
2025
2028
2027
2028
2029
2029
2030
2031
2032
2032
2033
2034
2035
2035
2036
2036
2037
2035
2039
2041
2040
2041
2041
2040
2043
2044
2044
2045
2045
2046
2048
2048
2049
2050
2051
2049
2053
2054
2055
2056
2056
2057
2058
2060
2060
2061
2061
2063
2063
2064
2065
2066
2067
2070
2068
2070
2071
2071
2073
2073
2074
2074
2076
2077
2077
2078
2079
2080
2081
2081
2082
2083
2084
2083
2086
2087
2088
2088
2089
2088
2091
2092
2093
2094
2095
2095
2097
2097
2098
2099
2100
2101
2102
2103
2105
2105
2105
2107
2108
2109
2109
2110
2111
2112
2112
2114
2114
2115
2116
2117
2118
2119
2119
2121
2121
2120
2123
2124
2125
2125
2127
2127
2128
2129
2130
2131
2131
2132
2133
2134
2135
2136
2137
2137
2137
2139
2140
2141
2141
2143
2143
2144
2145
2145
2146
2147
2148
2148
2149
2150
2151
2149
2152
2153
2154
2156
2155
2158
2157
2157
2158
2159
2160
2161
2161
2162
2162
2164
2164
2165
2165
2166
2167
2168
2169
2169
2169
2170
2172
2172
2173
2173
2174
2176
2175
2176
2177
2176
2177
2178
2179
2180
2180
2181
2181
2183
2182
2184
2184
2184
2185
2186
2186
2187
2188
2188
2189
2190
2190
2190
2191
2192
2192
2193
2193
2193
2194
2195
2195
2196
2196
2196
2197
2198
2198
2199
2199
2197
2200
2201
2201
2201
2202
2203
2203
2202
2203
2204
2204
2205
2205
2206
2206
2207
2207
2207
2208
2208
2209
2208
2209
2209
2209
2210
2210
2210
2211
2211
2211
2212
2212
2212
2212
2213
2213
2213
2213
2214
2214
2215
2215
2215
2215
2216
2215
2216
2216
2217
2216
2217
2216
2217
2217
2218
2217
2218
2218
2216
2218
2218
2218
2216
2218
2219
2218
2220
2219
2219
2219
2219
2219
2220
2219
2220
2219
2220
2220
2221
2220
2220
2220
2221
2220
2220
2220
2220
2220
2220
2220
2220
2220
2220
2220
2220
2220
2220
2219
2220
2220
2220
2220
2220
2219
2219
2219
2219
2219
2218
2218
2218
2218
2218
2218
2218
2217
2218
2217
2217
2217
2217
2216
2216
2216
2217
2216
2216
2216
2215
2215
2215
2214
2214
2214
2214
2213
2213
2213
2212
2212
2212
2212
2212
2211
2211
2210
2210
2210
2209
2209
2209
2208
2208
2208
2208
2207
2207
2207
2206
2205
2205
2205
2205
2204
2204
2203
2203
2202
2203
2201
2201
2201
2200
2200
2200
2199
2198
2198
2199
2197
2195
2196
2196
2195
2194
2194
2193
2193
2192
2192
2192
2191
2191
2190
2189
2189
2188
2188
2187
2187
2186
2185
2185
2184
2184
2184
2183
2182
2181
2181
2181
2180
2180
2179
2178
2177
2177
2177
2177
2175
2175
2174
2174
2173
2172
2172
2172
2170
2170
2169
2169
2168
2164
2167
2166
2165
2165
2164
2164
2162
2161
2161
2161
2160
2159
2159
2157
2157
2157
2155
2155
2153
2153
2152
2152
2151
2150
2150
2150
2148
2147
2147
2145
2145
2145
2144
2143
2143
2141
2141
2140
2139
2137
2138
2137
2136
2137
2135
2135
2133
2134
2132
2131
2131
2129
2128
2128
2127
2126
2125
2124
2123
2121
2121
2120
2119
2119
2117
2117
2115
2115
2114
2113
2112
2112
2111
2110
2109
2109
2107
2106
2106
2105
2104
2103
2103
2101
2100
2100
2099
2098
2097
2097
2096
2095
2093
2093
2092
2092
2090
2090
2088
2088
2087
2087
2085
2084
2084
2084
2081
2081
2081
2080
2079
2078
2077
2076
2075
2074
2074
2074
2072
2071
2070
2069
2069
2068
2067
2066
2065
2066
2063
2063
2062
2061
2061
2060
2059
2058
2057
2056
2056
2055
2054
2053
2053
2052
2051
2047
2050
2049
2048
2047
2047
2046
2045
2046
2043
2043
2042
2041
2040
2040
2039
2039
2038
2036
2036
2036
2034
2034
2033
2033
2033
2031
2031
2030
2029
2028
2028
2027
2026
2026
2025
2025
2024
2023
2023
2023
2021
2019
2020
2019
2018
2018
2017
2017
2016
2015
2014
2013
2013
2014
2012
2013
2011
2010
2009
2008
2008
2009
2007
2006
2006
2005
2004
2004
2003
2004
2002
2002
2001
2000
2000
1999
1999
1998
1997
1997
1997
1996
1995
1994
1994
1993
1993
1993
1992
1993
1991
1991
1990
1989
1989
1989
1988
1988
1987
1988
1986
1985
1985
1985
1985
1984
1984
1984
1983
1982
1982
1980
1981
1981
1980
1980
1979
1979
1978
1978
1978
1977
1977
1977
1976
1977
1975
1977
1976
1975
1974
1972
1974
1970
1973
1972
1973
1972
1972
1971
1972
1971
1970
1971
1970
1970
1969
1969
1969
1968
1969
1969
1968
1968
1968
1968
1968
1966
1967
1967
1967
1965
1967
1967
1966
1966
1966
1965
1965
1965
1965
1965
1965
1965
1965
1965
1965
1965
1964
1964
1964
1963
1964
1964
1964
1964
1964
1964
1964
1965
1963
1964
1964
1964
1964
1964
1964
1964
1963
1964
1964
1965
1964
1964
1963
1965
1964
1964
1964
1964
1964
1964
1964
1965
1965
1967
1965
1964
1965
1965
1965
1967
1965
1965
1966
1966
1966
1967
1967
1967
1967
1967
1967
1969
1968
1968
1968
1968
1969
1969
1969
1969
1969
1969
1969
1970
1970
1970
1971
1972
1971
1972
1972
1973
1972
1973
1973
1973
1974
1974
1975
1975
1975
1975
1976
1976
1977
1977
1977
1978
1978
1978
1979
1981
1980
1980
1981
1981
1981
1981
1982
1983
1983
1984
1984
1984
1985
1985
1985
1986
1986
1989
1987
1987
1988
1989
1989
1990
1990
1991
1991
1992
1992
1995
1993
1993
1994
1994
1995
1996
1996
1997
1997
1997
1998
1999
2000
2000
2001
2001
2001
2002
2003
2003
2004
2004
2004
2005
2007
2007
2007
2008
2009
2009
2010
2010
2011
2012
2013
2013
2013
2014
2015
2016
2017
2017
2018
2018
2019
2019
2020
2021
2021
2023
2023
2024
2024
2025
2026
2027
2027
2029
2029
2029
2030
2031
2032
2032
2033
2033
2034
2036
2036
2037
2037
2040
2039
2041
2040
2041
2041
2043
2042
2044
2044
2043
2045
2047
2047
2049
2049
2050
2052
2052
2053
2054
2055
2056
2057
2057
2058
2060
2061
2061
2061
2063
2063
2063
2065
2068
2067
2068
2069
2070
2071
2071
2072
2073
2074
2075
2076
2077
2077
2079
2079
2080
2081
2082
2082
2083
2084
2085
2086
2089
2088
2089
2089
2087
2092
2092
2093
2095
2095
2096
2097
2098
2098
2099
2100
2100
2102
2103
2104
2105
2106
2106
2107
2106
2109
2110
2111
2112
2113
2114
2114
2115
2116
2117
2118
2119
2120
2120
2121
2122
2123
2124
2124
2126
2127
2129
2128
2129
2130
2131
2132
2132
2133
2134
2135
2136
2137
2137
2138
2139
2140
2141
2141
2142
2143
2143
2145
2145
2146
2147
2148
2149
2149
2150
2151
2152
2152
2153
2153
2154
2155
2156
2157
2158
2158
2159
2159
2161
2161
2162
2163
2163
2164
2165
2165
2167
2167
2168
2169
2169
2170
2170
2172
2172
2173
2173
2174
2175
2176
2176
2177
2177
2177
2178
2180
2179
2180
2180
2181
2184
2183
2184
2184
2185
2185
2186
2186
2187
2188
2188
2189
2189
2190
2191
2191
2193
2192
2192
2193
2194
2193
2197
2195
2194
2196
2197
2197
2197
2198
2199
2199
2199
2200
2201
2201
2201
2201
2202
2202
2203
2204
2204
2205
2207
2205
2205
2206
2208
2206
2207
2207
2208
2208
2209
2209
2209
2209
2210
2210
2210
2211
2211
2211
2211
2212
2212
2213
2212
2213
2213
2214
2212
2214
2214
2215
2215
2215
2216
2216
2216
2215
2216
2216
2217
2216
2217
2217
2217
2218
2216
2218
2218
2218
2218
2218
2219
2218
2219
2219
2219
2219
2219
2219
2219
2219
2219
2219
2220
2219
2220
2220
2220
2220
2219
2220
2221
2220
2220
2220
2220
2220
2220
2220
2220
2221
2220
2220
2220
2220
2220
2220
2220
2220
