2417
2435
2452
2465
2479
2489
2498
2504
2509
2511
2512
2511
2506
2499
2491
2480
2468
2452
2436
2418
2399
2377
2356
2332
2309
2281
2253
2226
2197
2168
2138
2109
2079
2049
2019
1990
1961
1934
1907
1880
1855
1831
1808
1786
1767
1748
1731
1717
1704
1694
1685
1677
1673
1670
1671
1671
1674
1681
1687
1698
1711
1725
1743
1760
1780
1800
1823
1847
1871
1897
1926
1953
1981
2011
2039
2070
2098
2130
2160
2189
2217
2246
2273
2299
2325
2349
2372
2394
2414
2431
2448
2462
2476
2487
2496
2503
2509
2511
2512
2511
2508
2501
2493
2483
2471
2456
2440
2422
2403
2383
2360
2337
2312
2286
2260
2231
2203
2174
2145
2115
2085
2055
2028
1996
1968
1939
1912
1885
1860
1835
1812
1790
1772
1752
1735
1719
1706
1695
1687
1679
1674
1670
1669
1670
1673
1680
1688
1696
1708
1722
1739
1755
1776
1796
1818
1841
1866
1892
1919
1947
1976
2004
2034
2064
2094
2123
2153
2182
2211
2240
2267
2293
2321
2344
2367
2389
2409
2428
2445
2459
2474
2484
2494
2502
2508
2511
2513
2511
2509
2503
2495
2485
2473
2459
2441
2426
2408
2386
2365
2341
2317
2291
2265
2237
2209
2180
2151
2120
2091
2061
2032
2002
1973
1945
1918
1890
1864
1841
1817
1795
1774
1756
1738
1723
1709
1697
1689
1681
1675
1672
1669
1670
1672
1678
1687
1695
1705
1719
1735
1752
1771
1791
1813
1837
1861
1887
1913
1941
1969
1998
2027
2058
2087
2117
2148
2177
2206
2234
2262
2289
2314
2340
2363
2385
2405
2425
2441
2457
2471
2482
2494
2500
2506
2510
2509
2512
2510
2504
2496
2487
2476
2462
2444
2430
2411
2391
2369
2347
2322
2297
2267
2243
2213
2186
2157
2127
2097
2067
2038
2009
1980
1951
1924
1896
1871
1846
1821
1800
1778
1759
1742
1727
1712
1700
1690
1681
1676
1671
1669
1670
1671
1677
1684
1693
1703
1716
1732
1748
1766
1787
1809
1832
1856
1881
1908
1935
1964
1992
2022
2052
2081
2111
2143
2170
2199
2228
2255
2283
2309
2334
2358
2380
2401
2420
2438
2453
2468
2480
2490
2499
2505
2509
2513
2512
2511
2505
2498
2489
2479
2466
2448
2433
2416
2396
2374
2352
2328
2302
2278
2249
2221
2192
2164
2134
2104
2074
2045
2015
1985
1956
1928
1902
1875
1851
1827
1804
1784
1763
1747
1729
1717
1702
1692
1683
1677
1672
1670
1670
1671
1674
1682
1691
1701
1713
1729
1745
1762
1783
1804
1826
1849
1876
1903
1929
1957
1985
2015
2045
2075
2104
2135
2164
2193
2221
2251
2277
2304
2329
2353
2375
2397
2416
2434
2450
2465
2477
2489
2497
2504
2509
2512
2512
2511
2506
2499
2491
2480
2468
2454
2437
2419
2400
2378
2356
2333
2308
2282
2254
2226
2199
2169
2140
2111
2080
2050
2021
1992
1963
1935
1907
1881
1856
1831
1809
1787
1767
1749
1732
1717
1705
1695
1685
1678
1673
1670
1670
1670
1673
1680
1689
1698
1711
1725
1741
1759
1778
1801
1821
1845
1871
1896
1923
1952
1980
2008
2039
2068
2098
2129
2158
2188
2217
2245
2272
2298
2324
2349
2372
2393
2413
2430
2448
2462
2475
2486
2496
2503
2509
2511
2512
2511
2509
2504
2493
2483
2471
2457
2441
2423
2404
2383
2361
2338
2313
2288
2261
2233
2204
2176
2146
2116
2087
2054
2027
1999
1969
1942
1913
1887
1861
1837
1814
1792
1771
1753
1736
1721
1707
1696
1687
1679
1674
1671
1670
1670
1672
1679
1688
1696
1708
1723
1737
1755
1774
1795
1817
1841
1865
1891
1918
1946
1974
2003
2033
2063
2093
2123
2152
2181
2210
2239
2266
2293
2318
2343
2366
2390
2408
2427
2443
2459
2473
2484
2494
2503
2508
2511
2512
2512
2509
2503
2495
2485
2474
2460
2444
2428
2408
2388
2366
2343
2318
2293
2266
2239
2210
2181
2152
2122
2092
2063
2033
2004
1975
1947
1919
1892
1866
1841
1818
1796
1776
1756
1739
1724
1709
1698
1689
1681
1674
1670
1669
1669
1672
1677
1685
1694
1705
1718
1733
1753
1770
1791
1812
1835
1860
1885
1912
1940
1968
1997
2026
2056
2085
2116
2145
2175
2204
2232
2260
2287
2313
2338
2361
2384
2404
2423
2440
2456
2470
2482
2492
2500
2506
2510
2512
2512
2510
2505
2497
2488
2476
2464
2448
2431
2413
2393
2370
2348
2324
2299
2272
2246
2216
2188
2158
2129
2099
2069
2040
2010
1981
1954
1925
1896
1872
1847
1823
1801
1779
1760
1743
1727
1713
1700
1691
1682
1676
1672
1670
1670
1671
1676
1683
1692
1703
1716
1730
1747
1765
1785
1807
1831
1855
1878
1906
1934
1962
1992
2020
2050
2080
2110
2139
2170
2198
2226
2254
2283
2308
2331
2357
2380
2400
2420
2437
2453
2467
2480
2490
2498
2505
2510
2512
2513
2511
2506
2498
2489
2479
2466
2452
2434
2416
2398
2375
2353
2329
2304
2277
2250
2222
2194
2164
2136
2105
2076
2046
2018
1987
1959
1930
1904
1877
1852
1827
1804
1783
1764
1746
1730
1715
1703
1693
1684
1677
1672
1670
1670
1670
1675
1682
1690
1700
1713
1727
1744
1762
1783
1803
1825
1850
1875
1901
1928
1956
1985
2013
2043
2073
2104
2133
2163
2191
2221
2248
2275
2303
2328
2352
2375
2396
2415
2433
2450
2465
2477
2488
2497
2504
2509
2511
2513
2510
2508
2500
2492
2481
2469
2455
2438
2420
2401
2380
2357
2333
2309
2283
2256
2228
2199
2171
2141
2111
2082
2052
2022
1993
1964
1936
1909
1882
1857
1833
1810
1788
1768
1750
1733
1718
1705
1695
1686
1678
1675
1670
1669
1670
1673
1680
1688
1697
1709
1724
1740
1758
1777
1798
1821
1844
1869
1895
1921
1949
1978
2008
2037
2067
2097
2127
2157
2186
2215
2243
2270
2297
2323
2348
2370
2392
2412
2431
2446
2461
2475
2486
2495
2502
2510
2511
2512
2512
2509
2502
2493
2484
2472
2458
2442
2424
2405
2385
2363
2339
2315
2289
2261
2234
2207
2177
2148
2117
2088
2059
2029
1999
1972
1943
1915
1888
1862
1839
1815
1793
1773
1754
1737
1721
1708
1696
1688
1680
1674
1670
1670
1670
1672
1678
1686
1696
1704
1721
1736
1754
1773
1794
1817
1840
1864
1890
1917
1944
1972
2002
2031
2061
2090
2120
2151
2180
2209
2237
2265
2291
2317
2342
2366
2387
2408
2426
2443
2458
2471
2484
2494
2501
2509
2511
2512
2512
2509
2504
2496
2486
2474
2461
2446
2429
2410
2389
2367
2344
2320
2294
2267
2240
2212
2183
2154
2125
2095
2064
2035
2005
1977
1948
1921
1893
1867
1842
1819
1796
1775
1757
1740
1725
1711
1698
1689
1681
1675
1672
1669
1670
1672
1677
1685
1694
1704
1717
1733
1750
1769
1789
1811
1834
1858
1884
1911
1937
1966
1995
2025
2054
2084
2114
2144
2173
2205
2231
2259
2285
2312
2336
2361
2383
2403
2422
2440
2455
2469
2481
2492
2499
2506
2510
2512
2512
2510
2504
2497
2488
2477
2464
2448
2432
2413
2393
2371
2349
2325
2300
2273
2246
2217
2189
2160
2130
2100
2071
2041
2012
1982
1954
1926
1899
1873
1848
1825
1802
1781
1761
1744
1728
1714
1701
1691
1682
1676
1672
1669
1670
1669
1676
1683
1692
1701
1714
1729
1746
1765
1785
1806
1829
1854
1879
1905
1932
1961
1989
2018
2049
2080
2109
2138
2167
2196
2225
2254
2281
2307
2332
2356
2378
2399
2418
2437
2452
2466
2479
2489
2498
2505
2509
2513
2512
2511
2506
2499
2490
2479
2467
2452
2435
2418
2398
2377
2354
2330
2305
2280
2252
2225
2194
2167
2136
2107
2077
2048
2018
1989
1961
1932
1905
1879
1854
1830
1806
1785
1765
1748
1731
1717
1704
1694
1684
1678
1673
1670
1669
1671
1674
1681
1690
1700
1712
1727
1743
1761
1781
1802
1824
1849
1873
1899
1926
1953
1983
2012
2042
2072
2102
2132
2161
2190
2219
2249
2274
2301
2326
2350
2373
2395
2414
2433
2449
2463
2476
2487
2497
2503
2509
2511
2511
2511
2508
2501
2493
2482
2469
2456
2439
2421
2402
2381
2359
2335
2310
2285
2257
2229
2201
2172
2143
2113
2083
2053
2023
1994
1966
1937
1910
1881
1858
1834
1811
1789
1769
1751
1734
1719
1706
1695
1686
1678
1673
1670
1669
1670
1673
1680
1688
1695
1709
1723
1739
1757
1776
1797
1820
1844
1867
1894
1921
1949
1977
2006
2036
2064
2095
2125
2155
2184
2213
2240
2269
2296
2321
2346
2369
2390
2410
2429
2445
2461
2474
2485
2495
2503
2508
2511
2511
2509
2509
2504
2494
2484
2472
2456
2442
2425
2406
2385
2363
2340
2316
2290
2263
2236
2207
2178
2149
2119
2090
2060
2031
2001
1972
1944
1916
1889
1864
1839
1816
1794
1773
1755
1737
1723
1709
1697
1688
1680
1674
1671
1669
1670
1672
1678
1686
1695
1706
1720
1735
1753
1773
1793
1815
1838
1863
1889
1915
1943
1971
2000
2029
2060
2089
2120
2149
2178
2207
2236
2263
2290
2316
2340
2364
2386
2407
2425
2442
2458
2471
2483
2493
2501
2507
2511
2512
2512
2509
2504
2496
2487
2475
2462
2446
2429
2410
2390
2368
2345
2320
2295
2269
2242
2213
2184
2155
2125
2096
2066
2036
2007
1977
1950
1922
1895
1869
1846
1820
1797
1777
1758
1741
1725
1711
1699
1690
1682
1675
1672
1670
1670
1672
1678
1684
1693
1704
1717
1732
1749
1768
1788
1809
1833
1857
1883
1908
1937
1965
1995
2023
2053
2082
2113
2143
2174
2201
2229
2257
2285
2311
2336
2359
2381
2402
2421
2439
2454
2468
2478
2491
2499
2506
2509
2511
2512
2511
2505
2497
2489
2477
2464
2449
2433
2414
2394
2372
2350
2326
2301
2274
2247
2218
2190
2161
2132
2102
2072
2042
2013
1984
1955
1928
1903
1875
1849
1825
1804
1781
1762
1745
1729
1714
1701
1692
1683
1676
1672
1670
1669
1671
1675
1682
1692
1701
1714
1729
1745
1763
1783
1805
1828
1852
1879
1903
1932
1959
1987
2017
2047
2077
2107
2136
2165
2195
2223
2252
2280
2306
2331
2354
2377
2399
2418
2435
2452
2465
2478
2489
2498
2504
2510
2512
2510
2511
2506
2499
2490
2480
2468
2452
2436
2418
2399
2377
2355
2331
2306
2280
2253
2226
2197
2168
2138
2109
2080
2048
2019
1990
1961
1933
1906
1880
1854
1830
1808
1786
1767
1748
1732
1717
1704
1694
1685
1678
1673
1670
1670
1671
1674
1681
1689
1698
1712
1726
1742
1760
1781
1801
1823
1847
1872
1898
1925
1953
1982
2010
2040
2071
2100
2129
2160
2189
2218
2245
2273
2300
2325
2349
2372
2394
2416
2431
2448
2463
2476
2486
2498
2504
2508
2511
2512
2511
2508
2501
2494
2483
2471
2456
2440
2422
2403
2382
2361
2337
2313
2285
2259
2231
2203
2174
2145
2115
2085
2055
2026
1996
1967
1939
1912
1885
1860
1836
1812
1791
1770
1752
1735
1720
1706
1695
1686
1679
1674
1670
1670
1670
1673
1680
1688
1696
1709
1722
1737
1756
1777
1796
1818
1841
1866
1892
1919
1946
1975
2004
2035
2064
2094
2124
2153
2183
2212
2240
2267
2294
2320
2344
2368
2389
2409
2429
2445
2460
2473
2484
2494
2502
2508
2511
2512
2511
2507
2503
2494
2485
2473
2459
2443
2426
2408
2386
2365
2341
2317
2292
2265
2237
2209
2179
2151
2121
2091
2061
2032
2002
1973
1945
1920
1891
1865
1841
1818
1795
1774
1756
1739
1723
1709
1697
1689
1680
1677
1671
1669
1670
1672
1678
1686
1695
1706
1719
1735
1752
1773
1791
1815
1837
1861
1887
1914
1941
1969
1999
2031
2058
2088
2118
2147
2177
2206
2235
2262
2289
2317
2339
2363
2385
2406
2425
2441
2457
2471
2482
2493
2501
2507
2510
2512
2512
2511
2504
2496
2487
2476
2461
2447
2430
2411
2391
2370
2346
2323
2297
2271
2243
2215
2186
2157
2127
2096
2067
2038
2009
1980
1951
1923
1896
1872
1845
1822
1800
1776
1759
1742
1726
1712
1699
1691
1682
1676
1672
1669
1669
1671
1677
1685
1693
