2361
2412
2455
2488
2509
2517
2512
2495
2466
2427
2377
2320
2257
2187
2116
2043
1972
1904
1841
1786
1740
1703
1680
1666
1662
1678
1702
1738
1785
1840
1901
1969
2039
2113
2184
2253
2318
2376
2425
2465
2495
2512
2519
2509
2489
2456
2415
2362
2303
2237
2168
2096
2023
1953
1887
1825
1773
1729
1696
1674
1665
1667
1684
1711
1750
1800
1856
1920
1989
2061
2133
2204
2273
2335
2390
2436
2474
2500
2515
2517
2505
2481
2445
2401
2347
2285
2218
2148
2075
2003
1933
1869
1810
1759
1719
1689
1672
1663
1671
1690
1721
1763
1814
1873
1938
2008
2080
2153
2223
2290
2351
2404
2448
2482
2505
2517
2515
2499
2472
2434
2387
2331
2268
2199
2128
2055
1984
1915
1852
1796
1748
1709
1682
1667
1664
1674
1697
1732
1776
1829
1889
1957
2026
2101
2173
2242
2308
2367
2417
2459
2490
2509
2518
2511
2493
2463
2422
2372
2316
2249
2179
2107
2036
1964
1897
1836
1781
1736
1700
1677
1666
1666
1681
1705
1743
1790
1847
1908
1977
2048
2120
2192
2261
2325
2381
2430
2469
2497
2513
2518
2507
2485
2452
2408
2357
2297
2230
2160
2088
2015
1945
1880
1820
1768
1725
1694
1672
1664
1668
1686
1715
1755
1805
1863
1928
1997
2068
2140
2212
2279
2341
2396
2441
2477
2503
2516
2516
2503
2477
2441
2396
2340
2279
2210
2140
2068
1996
1927
1862
1805
1755
1715
1686
1669
1663
1672
1694
1725
1768
1820
1880
1946
2016
2088
2161
2231
2297
2357
2409
2452
2485
2508
2517
2513
2497
2468
2429
2381
2321
2261
2188
2120
2047
1976
1908
1845
1788
1743
1705
1680
1666
1665
1677
1700
1736
1781
1836
1897
1965
2036
2109
2180
2249
2314
2373
2421
2463
2493
2512
2518
2510
2490
2459
2417
2367
2307
2241
2171
2100
2027
1957
1889
1829
1776
1732
1697
1674
1665
1666
1682
1709
1748
1795
1852
1917
1985
2056
2128
2200
2268
2332
2387
2434
2472
2499
2514
2517
2505
2483
2448
2404
2351
2291
2223
2152
2080
2008
1938
1873
1813
1763
1721
1690
1671
1664
1670
1689
1719
1761
1810
1869
1934
2004
2076
2148
2219
2286
2348
2401
2446
2481
2505
2516
2515
2501
2475
2437
2390
2336
2273
2203
2133
2060
1988
1920
1856
1799
1750
1708
1683
1668
1664
1674
1695
1729
1773
1826
1887
1953
2023
2097
2168
2238
2304
2363
2414
2456
2489
2509
2518
2512
2495
2465
2425
2376
2318
2253
2184
2113
2040
1969
1901
1839
1784
1735
1702
1678
1666
1666
1679
1704
1741
1787
1842
1905
1972
2044
2116
2188
2256
2321
2378
2427
2466
2496
2513
2518
2509
2487
2455
2408
2361
2301
2235
2164
2093
2021
1949
1884
1823
1773
1727
1694
1674
1664
1668
1685
1713
1753
1801
1859
1922
1992
2063
2138
2207
2275
2337
2393
2439
2476
2501
2515
2517
2504
2480
2440
2399
2344
2282
2215
2145
2072
2000
1930
1866
1808
1758
1718
1687
1670
1662
1672
1691
1722
1764
1817
1876
1941
2011
2084
2155
2226
2293
2356
2406
2450
2484
2506
2517
2513
2498
2471
2433
2385
2328
2265
2196
2125
2053
1980
1913
1849
1793
1745
1708
1682
1667
1665
1676
1698
1733
1779
1832
1893
1960
2032
2103
2177
2245
2312
2369
2420
2461
2492
2510
2518
2511
2489
2461
2420
2369
2311
2246
2177
2105
2032
1961
1894
1833
1779
1734
1699
1676
1665
1666
1681
1707
1745
1793
1849
1912
1980
2051
2124
2195
2264
2327
2384
2432
2471
2498
2514
2518
2505
2484
2450
2407
2354
2293
2226
2157
2085
2012
1942
1877
1817
1765
1724
1693
1673
1664
1670
1688
1715
1757
1804
1865
1930
2000
2072
2144
2215
2282
2344
2398
2443
2479
2504
2516
2516
2502
2476
2439
2393
2338
2276
2208
2137
2064
1992
1923
1860
1802
1753
1713
1685
1669
1664
1673
1694
1727
1770
1823
1883
1949
2019
2091
2164
2233
2300
2359
2412
2454
2487
2508
2517
2513
2496
2467
2428
2378
2322
2257
2188
2116
2045
1973
1906
1843
1787
1741
1704
1679
1666
1665
1678
1701
1737
1784
1839
1901
1968
2039
2112
2183
2252
2317
2375
2424
2464
2494
2512
2519
2509
2489
2457
2415
2361
2305
2238
2169
2097
2024
1954
1888
1827
1773
1730
1696
1674
1664
1667
1683
1711
1749
1798
1855
1920
1987
2059
2131
2203
2271
2334
2389
2436
2473
2500
2514
2514
2505
2481
2447
2401
2348
2287
2220
2149
2077
2005
1935
1870
1811
1761
1719
1690
1670
1664
1670
1690
1720
1762
1813
1872
1937
2008
2079
2149
2221
2289
2350
2403
2448
2482
2505
2517
2514
2500
2473
2435
2388
2332
2269
2200
2129
2057
1985
1917
1853
1796
1748
1711
1682
1667
1664
1675
1697
1730
1775
1828
1889
1956
2027
2100
2171
2241
2306
2365
2417
2458
2489
2509
2518
2511
2493
2463
2423
2373
2315
2250
2181
2110
2036
1965
1899
1837
1782
1736
1700
1677
1666
1666
1680
1704
1742
1789
1844
1908
1975
2048
2119
2190
2259
2324
2380
2425
2468
2497
2513
2519
2508
2487
2453
2410
2358
2298
2232
2162
2089
2017
1946
1880
1821
1768
1725
1694
1673
1664
1669
1686
1714
1754
1804
1861
1924
1995
2066
2139
2210
2278
2340
2394
2440
2477
2502
2512
2516
2503
2478
2442
2397
2342
2281
2212
2141
2069
1997
1928
1864
1806
1756
1717
1687
1669
1663
1672
1693
1725
1767
1818
1878
1944
2014
2087
2159
2229
2295
2356
2408
2451
2485
2505
2517
2514
2497
2469
2430
2382
2326
2262
2193
2122
2049
1979
1910
1849
1791
1744
1706
1681
1667
1665
1677
1701
1735
1782
1834
1896
1963
2034
2106
2179
2248
2313
2371
2421
2462
2492
2511
2520
2510
2491
2460
2418
2368
2306
2243
2174
2102
2029
1959
1892
1831
1777
1732
1698
1675
1666
1667
1682
1708
1746
1794
1851
1914
1983
2054
2127
2198
2267
2330
2386
2433
2471
2499
2514
2518
2506
2484
