2511
2510
2508
2503
2496
2487
2477
2465
2452
2436
2421
2403
2385
2365
2341
2322
2299
2275
2251
2225
2201
2173
2147
2120
2093
2066
2040
2013
1986
1960
1935
1911
1887
1863
1841
1819
1800
1781
1764
1747
1732
1719
1707
1697
1690
1682
1676
1673
1670
1670
1672
1674
1681
1688
1697
1707
1719
1733
1748
1765
1783
1802
1823
1844
1867
1890
1914
1939
1965
1991
2018
2045
2072
2098
2125
2152
2179
2205
2231
2256
2280
2305
2327
2349
2369
2390
2408
2425
2440
2454
2467
2477
2488
2496
2503
2507
2510
2511
2511
2509
2504
2497
2490
2480
2469
2456
2442
2426
2409
2390
2371
2350
2329
2306
2283
2258
2233
2208
2181
2154
2128
2101
2074
2047
2020
1994
1968
1942
1918
1893
1870
1847
1826
1805
1786
1768
1748
1736
1722
1711
1700
1691
1683
1678
1674
1671
1670
1672
1673
1679
1686
1694
1704
1716
1729
1744
1760
1778
1797
1817
1838
1860
1883
1907
1932
1957
1983
2009
2036
2063
2091
2117
2145
2171
2197
2223
2248
2273
2298
2321
2343
2364
2383
2402
2420
2436
2450
2463
2475
2485
2493
2501
2505
2509
2512
2510
2511
2506
2500
2492
2483
2472
2461
2446
2431
2414
2396
2376
2356
2335
2312
2289
2265
2240
2215
2189
2164
2136
2109
2082
2055
2029
2002
1976
1949
1924
1901
1877
1854
1832
1811
1792
1773
1756
1741
1727
1714
1703
1692
1686
1680
1674
1672
1670
1671
1673
1678
1684
1692
1700
1711
1724
1739
1755
1772
1791
1811
1832
1853
1876
1900
1925
1950
1976
2002
2029
2055
2082
2110
2137
2164
2190
2216
2242
2267
2290
2314
2336
2358
2378
2397
2415
2432
2445
2459
2472
2482
2492
2499
2504
2510
2511
2511
2510
2508
2501
2495
2486
2475
2463
2450
2435
2419
2401
2382
2362
2342
2319
2297
2273
2248
2223
2197
2170
2144
2116
2090
2062
2036
2009
1983
1957
1932
1907
1884
1860
1838
1817
1797
1778
1761
1745
1730
1717
1705
1695
1688
1680
1676
1672
1672
1671
1672
1675
1682
1690
1698
1709
1721
1735
1750
1768
1786
1805
1827
1847
1869
1893
1917
1942
1968
1994
2021
2047
2075
2102
2129
2155
2182
2208
2234
2259
2284
2307
2330
2351
2372
2391
2410
2426
2441
2456
2468
2479
2489
2497
2503
2508
2510
2511
2511
2509
2500
2497
2489
2479
2467
2454
2440
2424
2407
2388
2368
2347
2328
2303
2277
2255
2229
2204
2178
2151
2125
2097
2071
2044
2017
1990
1965
1939
1915
1891
1868
1845
1823
1803
1784
1766
1750
1735
1721
1709
1698
1690
1683
1677
1673
1671
1671
1672
1674
1680
1687
1695
1705
1717
1731
1746
1763
1780
1800
1819
1841
1863
1889
1911
1933
1961
1987
2014
2041
2067
2095
2121
2148
2175
2201
2227
2252
2276
2301
2323
2345
2366
2386
2404
2422
2437
2452
2465
2473
2486
2495
2501
2506
2509
2511
2511
2506
2505
2500
2491
2482
2470
2457
2444
2429
2412
2393
2374
2354
2332
2310
2287
2263
2237
2210
2186
2160
2132
2105
2079
2052
2025
1998
1972
1945
1921
1897
1873
1851
1829
1809
1789
1771
1753
1738
1725
1713
1701
1692
1684
1679
1674
1672
1670
1671
1673
1677
1685
1693
1701
1713
1727
1741
1758
1775
1793
1813
1834
1856
1879
1903
1927
1953
1979
2005
2032
2059
2085
2113
2140
2166
2193
2218
2244
2269
2293
2317
2339
2360
2380
2399
2417
2433
2448
2461
2473
2484
2492
2500
2505
2509
2511
2511
2510
2507
2500
2493
2484
2474
2461
2448
2433
2417
2399
2380
2360
2339
2317
2293
2269
2244
2219
2193
2167
2141
2114
2086
2060
2033
2006
1980
1954
1929
1905
1881
1858
1834
1815
1795
1776
1760
1743
1729
1716
1704
1695
1688
1680
1675
1672
1672
1671
1673
1676
1683
1691
1699
1709
1723
1736
1753
1770
1788
1808
1828
1850
1873
1897
1921
1945
1971
1997
2024
2051
2079
2105
2132
2159
2185
2212
2238
2262
2287
2310
2333
2353
2375
2394
2412
2429
2444
2457
2470
2481
2490
2497
2504
2508
2510
2511
2510
2508
2503
2496
2489
2478
2465
2452
2438
2422
2404
2385
2366
2345
2324
2301
2278
2252
2227
2201
2176
2148
2121
2095
2068
2040
2013
1986
1961
1936
1911
1887
1864
1841
1821
1801
1781
1764
1748
1733
1719
1707
1697
1690
1682
1677
1673
1671
1671
1672
1674
1681
1688
1696
1707
1719
1732
1748
1764
1782
1799
1821
1844
1865
1889
1913
1938
1964
1989
2017
2043
2070
2097
2124
2151
2177
2204
2229
2255
2279
2303
2325
2349
2369
2389
2406
2424
2439
2453
2466
2478
2487
2496
2502
2507
2510
2511
2511
2509
2504
2498
2489
2480
2469
2457
2442
2427
2409
2391
2372
2351
2329
2307
2283
2261
2234
2208
2182
2156
2129
2104
2075
2049
2021
1995
1969
1943
1919
1895
1871
1849
1826
1806
1787
1769
1752
1737
1723
1711
1700
1692
1684
1678
1674
1671
1671
1671
1674
1679
1686
1694
1703
1715
1729
1743
1760
1778
1796
1817
1837
1859
1883
1907
1932
1956
1982
2009
2035
2063
2089
2117
2143
2170
2196
2222
2248
2273
2296
2319
2342
2365
2383
2402
2419
2435
2449
2462
2474
2484
2493
2500
2505
2509
2511
2511
2509
2507
2500
2493
2483
2473
2460
2446
2431
2415
2397
2377
2357
2336
2314
2291
2266
2241
2216
2190
2164
2137
2110
2083
2055
2029
2002
1976
1951
1925
1901
1877
1854
1833
1812
1793
1773
1757
1741
1727
1714
1703
1694
1686
1680
1675
1672
1670
1671
1673
1677
1683
1691
1702
1711
1724
1739
1754
1772
1789
1810
1831
1853
1876
1899
1923
1948
1975
2001
2027
2054
2081
2108
2136
2161
2189
2214
2241
2265
2289
2313
2336
2357
2378
2397
2414
2430
2445
2459
2471
2482
2490
2498
2503
2508
2511
2511
2510
2508
2502
2495
2484
2475
2464
2450
2435
2419
2402
2383
2364
2342
2320
2297
2273
2248
2224
2197
2172
2145
2118
2091
2064
2037
