2119
2138
2156
2175
2193
2211
2230
2247
2265
2281
2298
2314
2330
2345
2360
2374
2388
2400
2412
2424
2434
2444
2454
2463
2471
2477
2484
2489
2494
2498
2503
2504
2505
2506
2505
2504
2500
2499
2496
2490
2484
2477
2470
2461
2452
2443
2434
2421
2409
2397
2385
2369
2355
2341
2325
2309
2295
2277
2260
2243
2225
2207
2189
2171
2152
2133
2114
2095
2077
2058
2039
2020
1999
1984
1965
1948
1930
1913
1896
1880
1864
1849
1833
1818
1805
1791
1779
1766
1756
1744
1735
1725
1717
1709
1702
1696
1689
1687
1683
1680
1678
1676
1674
1677
1678
1680
1682
1686
1693
1697
1706
1712
1721
1730
1740
1750
1762
1774
1787
1801
1815
1829
1844
1859
1876
1892
1909
1925
1942
1961
1979
1998
2016
2035
2054
2073
2092
2111
2130
2148
2168
2185
2204
2222
2240
2257
2274
2291
2308
2324
2339
2353
2365
2381
2395
2408
2419
2430
2441
2450
2459
2467
2475
2481
2488
2492
2497
2500
2505
2505
2506
2505
2505
2503
2500
2498
2493
2487
2480
2473
2465
2456
2448
2436
2426
2415
2403
2389
2375
2361
2347
2332
2316
2300
2283
2267
2249
2232
2214
2196
2178
2159
2140
2121
2103
2084
2065
2047
2027
2009
1991
1972
1955
1937
1921
1903
1887
1870
1855
1839
1825
1810
1797
1784
1771
1760
1750
1738
1729
1720
1712
1705
1698
1694
1688
1684
1681
1678
1677
1676
1677
1678
1680
1682
1685
1690
1696
1702
1709
1718
1726
1735
1747
1758
1769
1782
1796
1809
1823
1838
1853
1869
1885
1902
1920
1936
1954
1972
1991
2009
2027
2046
2066
2084
2103
2122
2141
2160
2178
2196
2215
2232
2250
2267
2285
2301
2317
2332
2348
2363
2377
2389
2402
2415
2424
2436
2446
2455
2464
2472
2479
2485
2489
2495
2499
2501
2504
2505
2505
2505
2503
2501
2499
2495
2489
2483
2476
2468
2459
2450
2441
2430
2419
2407
2394
2381
2367
2352
2337
2322
2306
2290
2273
2256
2239
2221
2203
2185
2166
2148
2129
2111
2092
2073
2054
2035
2017
1999
1981
1962
1945
1927
1911
1893
1877
1861
1845
1830
1816
1802
1789
1776
1764
1753
1743
1733
1723
1715
1708
1701
1695
1690
1686
1682
1680
1678
1677
1677
1677
1679
1681
1683
1688
1694
1699
1706
1713
1722
1732
1742
1753
1765
1777
1789
1804
1817
1830
1847
1863
1878
1895
1912
1929
1946
1961
1983
2001
2019
2038
2057
2076
2095
2112
2133
2152
2171
2189
2207
2225
2242
2260
2277
2293
2310
2326
2341
2357
2370
2384
2397
2409
2421
2433
2443
2451
2460
2468
2476
2482
2488
2493
2498
2501
2504
2505
2505
2505
2504
2503
2500
2496
2492
2485
2478
2471
2463
2452
2445
2434
2424
2412
2399
2386
2373
2359
2344
2329
2313
2300
2281
2264
2247
2229
2211
2193
2175
2157
2137
2120
2100
2083
2063
2044
2025
2006
1989
1970
1952
1934
1917
1901
1884
1865
1852
1837
1821
1808
1795
1781
1769
1758
1747
1737
1728
1719
1711
1704
1697
1690
1688
1686
1681
1679
1677
1676
1677
1678
1680
1682
1685
1691
1696
1699
1711
1719
1728
1737
1748
1759
1771
1784
1797
1811
1825
1841
1856
1872
1888
1904
1921
1939
1956
1976
1993
2012
2030
2047
2068
2087
2106
2125
2143
2162
2180
2199
2217
2235
2253
2270
2287
2303
2319
2335
2350
2365
2378
2393
2404
2416
2427
2433
2448
2457
2465
2473
2480
2486
2491
2497
2499
2502
2504
2505
2505
2505
2503
2501
2498
2494
2488
2482
2475
2467
2459
2449
2439
2429
2417
2405
2392
2379
2365
2351
2336
2320
2305
2288
2271
2256
2238
2219
2202
2183
2165
2146
2127
2109
2089
2071
2052
2033
2015
1996
1978
1960
1942
1925
1908
1891
1875
1859
1843
1829
1814
1800
1788
1775
1762
1752
1741
1731
1722
1714
1707
1700
1694
1690
1685
1681
1679
1678
1676
1677
1678
1679
1681
1684
1689
1695
1700
1707
1715
1724
1733
1743
1754
1766
1778
1791
1805
1820
1834
1849
1864
1881
1897
1914
1931
1949
1967
1985
2004
2022
2041
2060
2079
2097
2116
2135
2154
2173
2191
2209
2227
2245
2262
2279
2296
2310
2329
2343
2359
2373
2386
2399
2411
2423
2433
2444
2453
2462
2469
2477
2483
2489
2495
2498
2501
2504
2505
2502
2505
2504
2502
2500
2496
2491
2484
2478
2471
2462
2453
2443
2433
2422
2410
2398
2384
2370
2356
2343
2327
2311
2295
2279
2261
2244
2226
2209
2190
2173
2153
2135
2116
2097
2078
2059
2041
2023
2003
1985
1967
1949
1932
1915
1898
1881
1865
1849
1834
1820
1805
1793
1780
1767
1756
1745
1736
1726
1718
1709
1702
1696
1692
1687
1683
1680
1678
1676
1676
1677
1678
1680
1683
1686
1692
1697
1704
1712
1720
1729
1739
1749
1761
1773
1786
1800
1813
1828
1843
1858
1874
1890
1907
1924
1941
1960
1977
1997
2015
2033
2052
2071
2090
2109
2128
2147
2165
2184
2202
2221
2238
2256
2273
2289
2306
2322
2338
2353
2367
2382
2394
2407
2418
2429
2439
2449
2458
2467
2474
2481
2487
2492
2497
2499
2503
2504
2505
2506
2504
2503
2501
2497
2493
2487
2481
2473
2465
2454
2447
2437
2427
2417
2402
2390
2376
2365
2348
2333
2317
2303
2285
2268
2251
2233
2216
2198
2180
2161
2143
2123
2105
2087
2067
2048
2029
2011
1993
1975
1957
1939
1921
1905
1888
1871
1856
1841
1826
1812
1798
1785
1772
1761
1749
1742
1730
1721
1713
1706
1699
1694
1689
1685
1681
1679
1677
1677
1677
1678
1679
1682
1685
1690
1695
1700
1709
1716
1725
1732
1745
1756
1768
1781
1793
1809
1821
1836
1852
1867
1883
1900
1917
1934
1951
1969
1988
2007
2025
2044
2063
2082
2100
2120
2138
2158
2177
2195
2213
2231
2248
2265
2282
2299
2315
2331
2346
2362
2375
2388
2401
2413
2425
2435
2445
2455
2463
2471
2478
2484
2490
2495
2498
2502
2504
2505
2505
2505
2504
2502
2499
