2025
1945
1868
1803
1747
1705
1677
1665
1667
1692
1730
1780
1842
1916
1994
2077
2160
2241
2315
2381
2435
2477
2505
2517
2512
2488
2450
2398
2336
2262
2183
2100
2017
1937
1863
1797
1743
1701
1675
1665
1672
1695
1733
1785
1849
1923
2003
2086
2169
2248
2323
2387
2440
2481
2507
2517
2509
2485
2445
2393
2329
2255
2176
2093
2009
1929
1856
1791
1738
1697
1673
1664
1674
1698
1739
1793
1858
1932
2012
2095
2178
2257
2330
2394
2446
2485
2509
2517
2507
2481
2442
2386
2321
2247
2167
2084
2002
1921
1849
1785
1733
1695
1672
1664
1675
1701
1743
1797
1863
1939
2020
2103
2185
2264
2337
2399
2449
2488
2510
2517
2505
2478
2436
2381
2315
2239
2159
2075
1993
1914
1842
1780
1729
1691
1670
1664
1678
1705
1748
1805
1872
1947
2029
2112
2193
2273
2344
2405
2454
2491
2511
2517
2503
2474
2431
2374
2307
2231
2150
2066
1985
1906
1835
1773
1725
1689
1669
1665
1679
1708
1750
1809
1878
1954
2037
2120
2202
2279
2350
2411
2459
2493
2513
2517
2501
2470
2425
2368
2300
2223
2142
2058
1976
1898
1828
1768
1720
1686
1668
1665
1682
1713
1759
1818
1887
1963
2045
2129
2212
2287
2357
2416
2463
2497
2514
2516
2498
2466
2420
2361
2293
2215
2133
2050
1969
1891
1821
1762
1716
1684
1667
1666
1683
1715
1764
1823
1892
1970
2052
2136
2217
2293
2363
2421
2467
2498
2514
2514
2496
2462
2415
2355
2285
2207
2125
2042
1960
1884
1816
1757
1712
1681
1666
1668
1687
1721
1771
1830
1901
1979
2061
2145
2226
2302
2367
2426
2471
2501
2515
2513
2493
2458
2409
2348
2277
2199
2117
2034
1952
1877
1809
1752
1708
1679
1666
1669
1688
1724
1775
1836
1907
1987
2069
2152
2233
2308
2375
2431
2475
2503
2516
2512
2488
2454
2404
2342
2270
2190
2107
2025
1945
1869
1803
1747
1704
1677
1665
1670
1691
1730
1782
1844
1917
1996
2079
2161
2242
2316
2383
2436
2479
2505
2517
2510
2487
2449
2399
2335
2262
2183
2100
2017
1936
1862
1797
1742
1700
1675
1665
1672
1695
1733
1786
1850
1925
2003
2086
2169
2249
2323
2388
2440
2481
2507
2517
2509
2485
2445
2392
2329
2255
2175
2092
2009
1927
1855
1790
1737
1696
1673
1664
1674
1698
1738
1793
1858
1932
2012
2095
2177
2258
2330
2393
2445
2485
2509
2517
2507
2481
2440
2386
2321
2247
2166
2084
2001
1921
1849
1785
1733
1695
1672
1664
1675
1701
1743
1798
1864
1938
2020
2103
2185
2263
2337
2399
2450
2488
2509
2518
2505
2478
2435
2378
2314
2240
2159
2076
1993
1914
1841
1780
1729
1693
1670
1664
1678
1705
1749
1805
1872
1948
2029
2112
2194
2273
2343
2405
2454
2491
2512
2518
2503
2474
2430
2374
2307
2231
2149
2066
1985
1906
1835
1775
1724
1690
1669
1665
1679
1706
1753
1811
1878
1954
2036
2120
2201
2280
2350
2410
2459
2493
2513
2516
2501
2471
2425
2368
2300
2224
2141
2058
1976
1898
1828
1768
1720
1686
1667
1666
1682
1713
1759
1819
1887
1964
2045
2129
2210
2288
2357
2417
2463
2498
2514
2515
2498
2465
2420
2361
2292
2215
2133
2050
1968
1891
1821
1762
1716
1684
1667
1666
1684
1716
1763
1823
1893
1970
2053
2137
2217
2294
2363
2421
2467
2499
2515
2514
2497
2462
2415
2355
2285
2208
2125
2041
1960
1884
1815
1758
1712
1682
1666
1668
1687
1721
1770
1832
1902
1981
2062
2146
2226
2302
2370
2427
2471
2501
2515
2513
2493
2457
2409
2348
2276
2199
2116
2033
1952
1876
1808
1752
1708
1676
1666
1669
1689
1725
1775
1837
1908
1986
2069
2153
2234
2309
2376
2432
2474
2503
2516
2512
2490
2453
2404
2342
2270
2191
2107
2024
1944
1869
1802
1746
1704
1677
1665
1670
1693
1729
1782
1845
1917
1996
2079
2162
2242
2317
2383
2437
2478
2505
2516
2510
2487
2449
2397
2335
2261
2183
2100
2017
1936
1862
1796
1742
1700
1674
1665
1668
1695
1733
1786
1850
1923
2003
2087
2171
2249
2323
2388
2437
2481
2507
2517
2509
2484
2445
2392
2328
2255
2176
2092
2009
1929
1855
1791
1738
1697
1674
1664
1673
1697
1741
1793
1858
1932
2013
2095
2177
2257
2330
2394
2446
2485
2509
2517
2507
2481
2439
2386
2321
2247
2167
2084
2002
1921
1849
1785
1733
1695
1672
1664
1675
1700
1742
1797
1864
1938
2018
2103
2185
2264
2337
2399
2449
2488
2510
2517
2505
2478
2436
2381
2315
2241
2161
2076
1993
1915
1842
1779
1729
1692
1670
1664
1677
1705
1746
1805
1871
1948
2028
2111
2193
2272
2343
2405
2454
2491
2512
2517
2503
2474
2431
2374
2308
2232
2151
2068
1985
1906
1836
1773
1725
1690
1666
1664
1679
1708
1753
1810
1877
1953
2035
2119
2201
2279
2352
2410
2459
2493
2513
2516
2501
2471
2426
2369
2301
2225
2144
2059
1977
1899
1830
1768
1721
1687
1668
1666
1682
1713
1759
1817
1887
1963
2044
2129
2209
2287
2356
2416
2463
2496
2510
2516
2499
2466
2420
2361
2295
2216
2135
2051
1969
1892
1821
1762
1716
1684
1666
1666
1684
1716
1763
1823
1893
1969
2051
2136
2217
2293
2363
2420
2466
2498
2514
2515
2497
2463
2415
2356
2286
2208
2126
2042
1962
1884
1818
1757
1713
1681
1666
1667
1686
1721
1770
1831
1900
1979
2061
2145
2225
2301
2371
2426
2472
2501
2516
2513
2494
2458
2409
2348
2278
2200
2118
2034
1953
1877
1811
1753
1708
1679
1666
1668
1689
1724
1774
1836
1907
1985
2068
2152
2233
2308
2375
2431
2474
2503
2517
2512
2490
2454
2406
2343
2269
2192
2111
2026
1945
1870
1804
1747
1705
1677
1665
1670
1692
1729
1783
1843
1916
1995
2078
2161
2242
2316
2381
2436
2478
2505
2516
2510
2488
2449
2399
2335
2263
2183
2101
2017
1937
1863
1797
1742
1701
1675
1664
1672
1695
1733
1783
1849
1922
2001
2085
2169
2249
2322
2388
2440
2481
2507
2519
2509
2485
2445
2392
2329
2256
2175
2093
2009
1929
1856
1791
1737
1698
1673
1665
1674
1698
1739
1793
1857
1931
2012
2095
2177
2257
2330
2394
2446
2485
2508
2517
2506
2482
2440
2386
2321
2247
2167
2084
2001
1922
1849
1785
1733
1695
1672
1664
1675
1698
1743
1797
1863
1937
2019
2101
2185
2265
2336
2401
2449
2484
2510
2517
2505
2478
2435
2382
2315
2241
2160
2076
1993
1914
1842
1779
1729
1692
1670
1661
1677
1705
1749
1805
1872
1948
2028
2111
2193
2273
2343
2405
2454
2492
2512
2518
2503
2474
2430
2375
2308
2232
2151
2067
1985
1904
1836
1773
1725
1690
1669
1665
1680
1708
1753
1809
1877
1953
2034
2117
2201
2279
2349
2410
2458
2493
2513
2519
2501
2471
2426
2368
2300
2224
2143
2060
1977
1901
1828
1768
1720
1686
1668
1665
1682
1713
1759
1817
1886
1964
2045
2129
2210
2288
2357
2416
2463
2496
2513
2516
2499
2466
2420
2361
2292
2216
2134
2051
1969
1892
1822
1763
1716
1684
1666
1666
1684
1716
1764
1823
1892
1969
2051
2135
2217
2294
2363
2421
2467
2499
2514
2515
2496
2462
2415
2356
2285
2208
2126
2043
1961
1884
1816
1757
1712
1681
1666
1667
1687
1721
1770
1833
1901
1980
2061
2145
2226
2302
2369
2428
2471
2501
2516
2513
2494
2457
2409
2349
2278
2199
2117
2034
1953
1877
1809
1753
1709
1680
1666
1668
1689
1724
1774
1836
1907
1986
2068
2151
2233
2308
2376
2431
2474
2503
2516
2512
2491
2455
2404
2343
2271
2192
2110
2027
1945
1870
1803
1748
1705
1677
1665
1670
1692
1729
1780
1844
1917
1996
2079
2162
2241
2316
2382
2436
2477
2505
2516
2511
2487
2448
2397
2335
2262
2184
2101
2018
1937
1863
1797
1743
1701
1675
1665
1672
1695
1733
1785
1850
1922
2002
2085
2169
2248
2323
2388
2441
2481
2507
2517
2509
2485
2445
2392
2331
2255
2176
2093
2010
1929
1856
1790
1737
1698
1673
1664
1674
1697
1739
1793
1858
1932
2013
2095
2178
2257
2330
2394
2446
2485
2509
2517
2508
2481
2440
2386
2320
2247
2167
2084
2001
1922
1849
1785
1733
1695
1672
1664
1675
1701
1743
1797
1863
1938
2018
2102
2184
2265
2337
2400
2450
2488
2510
2517
2505
2477
2435
2381
2314
2240
2159
2076
1994
1914
1842
1779
1726
1692
1670
1664
1674
1705
1748
1805
1872
1947
2029
2112
2194
2273
2344
2405
2455
2491
2512
2517
2503
2473
2430
2373
2306
2231
2150
2067
1984
1906
1835
1773
1724
1690
1669
1664
1680
1709
1753
1810
1878
1954
2036
2119
2200
2280
2350
2411
2459
2493
2513
2516
2500
2471
2425
2368
2301
2224
2143
2059
1978
1898
1828
1768
1720
1686
1668
1666
1678
1713
1759
1818
1889
1964
2045
2129
2211
2287
2357
2416
2463
2497
2514
2516
2499
2466
2419
2361
2292
2215
2133
2050
1969
1891
1822
1762
1716
1684
1667
1666
1684
1716
1763
1823
1893
1970
2048
2135
2217
2294
2364
2421
2466
2499
2515
2514
2497
2463
2416
2356
2285
2209
2126
2043
1961
1884
1815
1757
1712
1681
1666
1667
1686
1721
1770
1831
1902
1980
2063
2145
2227
2302
2369
2426
2471
2501
2516
2513
2493
2458
2409
2349
2277
2199
2117
2033
1955
1877
1809
1752
1708
1680
1666
1668
1689
1725
1775
1836
1908
1986
2069
2152
2232
2308
2376
2432
2474
2503
2516
2512
2491
2454
2405
2342
2270
2192
2109
2027
1945
1869
1802
1747
1704
1677
1666
1670
1692
1730
1781
1845
1917
1996
2079
2162
2241
2317
2382
2436
2479
2505
2517
2510
2488
2449
2398
2335
2262
2183
2100
2017
1937
1862
1796
1742
1700
1675
1665
1672
1692
1733
1786
1850
1923
2002
2085
2168
2247
2323
2388
2440
2480
2507
2517
2509
2484
2444
2392
2329
2255
2176
2093
2009
1929
1855
1790
1738
1697
1673
1665
1674
1698
1739
1793
1858
1932
2012
2096
2178
2253
2330
2395
2445
2485
2509
2517
2507
2481
2440
2386
2321
2247
2167
2084
2002
1922
1848
1785
1733
1695
1672
1663
1675
1698
1743
1797
1863
1938
2018
2102
2184
2263
2336
2399
2450
2488
2510
2517
2505
2478
2435
2381
2315
2240
2160
2077
1994
1915
1841
1780
1729
1692
1671
1664
1677
1706
1748
1804
1871
1947
2028
2111
2193
2272
2343
2405
2454
2491
2512
2517
2503
2474
2431
2375
2308
2233
2151
2068
1985
1908
1836
1774
1724
1689
1669
1665
1679
1707
1753
1809
1877
1953
2034
2117
2199
2277
2349
2410
2458
2493
2512
2517
2501
2471
2426
2368
2301
2225
2143
2061
1978
1901
1829
1769
1721
1688
1668
1666
1681
1712
1759
1817
1885
1962
2044
2127
2209
2286
2356
2416
2462
2496
2513
2516
2499
2467
2421
2363
2293
2218
2135
2052
1970
1893
1823
1764
1717
1685
1667
1666
1683
1716
1763
1823
1890
1968
2050
2133
2214
2292
2361
2420
2466
2498
2514
2514
2497
2463
2416
2357
2287
2210
2129
2045
1963
1887
1817
1759
1713
1683
1666
1667
1685
1719
1769
1829
1900
1977
2060
2143
2224
2300
2368
2425
2469
2500
2515
2513
2494
2459
2410
2350
2279
2200
2120
2036
1954
1879
1810
1754
1709
1680
1666
1668
1688
1723
1773
1834
1905
1985
2066
2149
2229
2306
2374
2429
2473
2502
2516
2509
2491
2455
2405
2344
2273
2194
2112
2029
1948
1873
1805
1749
1705
1678
1666
1670
1691
1728
1780
1842
1915
1993
2077
2159
2239
2314
2380
2434
2477
2504
2516
2511
2489
2450
2400
2337
2265
2186
2103
2020
1940
1865
1799
1744
1701
1675
1665
1671
1694
1732
1784
1847
1921
1999
2082
2165
2245
2320
2386
2439
2480
2506
2517
2509
2485
2447
2395
2331
2258
2178
2096
2013
1933
1859
1793
1739
1698
1674
1665
1673
1696
1737
1791
1856
1929
2005
2092
2175
2254
2327
2392
2444
2484
