2153
2151
2148
2145
2144
2140
2137
2133
2131
2128
2125
2122
2119
2116
2113
2110
2107
2104
2101
2098
2095
2092
2089
2086
2083
2081
2075
2075
2072
2069
2068
2063
2060
2057
2054
2051
2049
2046
2043
2040
2038
2034
2031
2029
2027
2024
2021
2018
2015
2013
2010
2007
2004
2002
1999
1997
1991
1991
1988
1986
1983
1981
1979
1976
1973
1970
1970
1966
1964
1961
1959
1956
1954
1952
1948
1947
1945
1943
1940
1938
1937
1934
1932
1930
1928
1927
1924
1922
1921
1919
1917
1914
1913
1912
1909
1908
1907
1905
1903
1901
1901
1898
1897
1895
1894
1893
1891
1889
1889
1887
1886
1885
1884
1882
1882
1881
1880
1879
1877
1877
1877
1875
1874
1873
1873
1872
1872
1871
1871
1870
1869
1869
1868
1868
1868
1867
1867
1866
1865
1866
1866
1866
1865
1865
1866
1866
1865
1866
1866
1866
1867
1867
1868
1868
1869
1869
1869
1869
1870
1870
1871
1872
1872
1873
1874
1875
1876
1876
1877
1879
1880
1881
1879
1882
1884
1884
1886
1887
1888
1889
1891
1892
1894
1895
1896
1897
1899
1900
1902
1903
1905
1906
1909
1910
1912
1913
1915
1917
1919
1921
1922
1924
1927
1928
1930
1933
1934
1937
1940
1941
1943
1945
1947
1949
1952
1954
1956
1959
1961
1962
1965
1968
1972
1973
1976
1979
1978
1985
1988
1990
1993
1995
1998
2001
2005
2007
2009
2012
2015
2017
2020
2023
2026
2029
2032
2035
2037
2041
2044
2047
2050
2052
2056
2059
2061
2065
2068
2071
2073
2076
2079
2082
2085
2088
2092
2094
2097
2100
2104
2107
2109
2113
2117
2118
2122
2124
2128
2130
2133
2136
2140
2141
2145
2148
2152
2153
2157
2159
2162
2165
2170
2171
2174
2177
2179
2181
2184
2187
2186
2192
2195
2198
2201
2203
2206
2208
2211
2214
2217
2218
2222
2224
2226
2228
2229
2233
2236
2238
2241
2242
2244
2247
2250
2251
2253
2255
2257
2260
2262
2263
2265
2267
2269
2271
2273
2275
2276
2279
2280
2282
2284
2285
2287
2288
2289
2290
2293
2293
2295
2297
2297
2298
2300
2301
2302
2304
2304
2305
2306
2307
2308
2309
2310
2311
2311
2312
2313
2313
2313
2314
2316
2315
2316
2316
2316
2317
2318
2317
2318
2317
2318
2318
2319
2318
2319
2318
2319
2318
2318
2317
2317
2317
2317
2316
2316
2315
2315
2314
2315
2313
2313
2312
2311
2310
2309
2309
2308
2307
2305
2305
2302
2303
2303
2301
2300
2298
2297
2296
2295
2293
2290
2290
2289
2288
2288
2285
2284
2282
2281
2279
2277
2275
2274
2273
2271
2269
2267
2265
2263
2261
2260
2257
2255
2253
2251
2249
2247
2244
2243
2240
2240
2236
2233
2231
2229
2227
2225
2222
2220
2218
2216
2213
2209
2207
2205
2201
2199
2196
2193
2190
2188
2185
2181
2179
2177
2173
2172
2168
2165
2163
2160
2157
2153
2151
2149
2145
2143
2140
2137
2134
2130
2128
2125
2121
2119
2116
2113
2110
2107
2104
2101
2099
2097
2092
2089
2087
2084
2081
2077
2074
2072
2069
2066
2064
2060
2057
2054
2051
2046
2046
2042
2040
2037
2034
2032
2029
2026
2024
2020
2018
2015
2012
2009
2007
2004
2002
1999
1996
1994
1991
1989
1986
1983
1981
1978
1976
1973
1971
1969
1966
1963
1961
1959
1956
1953
1952
1949
1947
1945
1943
1941
1938
1936
1934
1932
1930
1928
1925
1924
1922
1921
1918
1917
1915
1914
1911
1909
1908
1906
1905
1903
1901
1900
1898
1897
1895
1894
1893
1891
1890
1889
1887
1886
1885
1884
1883
1882
1880
1879
1879
1877
1877
1876
1874
1874
1873
1873
1872
1872
1871
1871
1869
1869
1869
1868
1868
1865
1867
1866
1866
1867
1866
1866
1865
1865
1865
1866
1865
1866
1866
1866
1866
1867
1867
1869
1868
1868
1868
1869
1869
1870
1871
1871
1872
1873
1873
1874
1875
1876
1876
1877
1879
1880
1880
1881
1882
1883
1884
1885
1888
1888
1889
1891
1892
1893
1895
1896
1897
1899
1900
1902
1903
1905
1907
1908
1909
1913
1913
1916
1917
1919
1921
1922
1924
1926
1929
1931
1933
1935
1937
1939
1941
1943
1945
1948
1950
1952
1954
1956
1958
1961
1963
1966
1968
1971
1973
1977
1979
1982
1985
1988
1990
1993
1996
1998
2001
2004
2007
2009
2013
2015
2017
2020
2023
2026
2029
2032
2035
2038
2041
2044
2047
2050
2052
2056
2059
2062
2064
2068
2071
2073
2077
2080
2083
2085
2088
2092
2095
2097
2100
2104
2107
2110
2113
2116
2119
2121
2124
2128
2130
2133
2136
2139
2143
2145
2148
2150
2153
2159
2159
2162
2165
2168
2170
2171
2176
2179
2181
2184
2187
2191
2192
2195
2197
2201
2203
2206
2209
2212
2213
2216
2218
2218
2223
2226
2228
2231
2233
2236
2237
2241
2242
2244
2247
2249
2252
2253
2255
2257
2259
2261
2263
2266
2268
2267
2271
2273
2274
2277
2278
2280
2281
2285
2284
2287
2288
2289
2291
2291
2293
2295
2297
2297
2298
2302
2301
2302
2303
2304
2305
2307
2307
2308
2309
2310
2311
2312
2312
2313
2313
2314
2314
2315
2316
2316
2317
2317
2317
2318
2317
2318
2317
2318
2318
2318
2318
2318
2318
2319
2318
2318
2318
2317
2317
2316
2316
2316
2315
2315
2314
2314
2313
2312
2312
2311
2310
2309
2309
2308
2306
2305
2305
2302
2303
2302
2301
2300
2298
2297
2296
2295
2293
2292
2291
2289
2288
2287
2285
2284
2282
2280
2279
2277
2275
2274
2272
2270
2268
2267
2265
2265
2261
2259
2257
2255
2253
2251
2249
2248
2245
2242
2241
2238
2236
2233
2232
2229
2227
2225
2222
2220
2218
2216
2212
2210
2206
2204
2201
2199
2196
2193
2190
2189
2185
2182
2179
2177
2175
2171
2168
2165
2163
2160
2157
2154
2151
2149
2145
2143
2139
2137
2133
2131
2128
2125
2121
2120
2116
2113
2109
2107
2105
2100
2098
2096
2092
2089
2087
2083
2080
2078
2074
2071
2069
2066
2063
2061
2057
2055
2051
2048
2045
2043
2040
2037
2035
2032
2029
2026
2024
2021
2018
2015
2013
2010
2007
2004
2001
1999
1997
1995
1991
1989
1985
1983
1981
1978
1976
1973
1971
1968
1966
1963
1961
1959
1956
1954
1952
1950
1947
1945
1943
1940
1939
1938
1934
1932
1930
1929
1926
1924
1922
1920
1919
1917
1915
1913
1911
1910
1908
1907
1905
1903
1901
1900
1898
1897
1895
1895
1892
1892
1890
1889
1888
1886
1885
1884
1883
1881
1881
1880
1879
1878
1876
1876
1876
1874
1873
1872
1872
1871
1871
1870
1870
1869
1868
1868
1868
1867
1867
1867
1866
1866
1866
1866
1865
1866
1865
1866
1866
1866
1865
1866
1866
1867
1867
1867
1867
1869
1869
1870
1870
1870
1871
1871
1872
1873
1873
1874
1875
1877
1876
1877
1878
1879
1880
1881
1882
1884
1884
1886
1887
1888
1889
1891
1892
1893
1895
1896
1897
1898
1901
1901
1904
1905
1906
1908
1909
1913
1913
1915
1917
1919
1921
1923
1924
1926
1929
1930
1933
1935
1936
1938
1941
1943
1945
1949
1950
1952
1954
1956
1958
1961
1962
1965
1968
1971
1973
1977
1979
1982
1984
1988
1989
1993
1995
1999
2001
2004
2007
2009
2012
2015
2018
2020
2023
2028
2029
2032
2034
2039
2041
2044
2047
2050
2052
2056
2058
2061
2064
2068
2071
2074
2077
2080
2082
2086
2089
2092
2094
2097
2101
2104
2106
2110
2113
2117
2119
2121
2124
2129
2130
2133
2136
2140
2143
2145
2147
2151
2153
2157
2159
2163
2165
2168
2170
2174
2176
2179
2182
2184
2188
2190
2192
2196
2198
2201
2203
2207
2208
2211
2213
2216
2218
2222
2223
2226
2228
2231
2234
2236
2238
2240
2242
2245
2247
2249
2251
2254
2256
2257
2260
2261
2264
2266
2268
2269
2271
2273
2274
2276
2279
2280
2282
2284
2284
2286
2287
2289
2290
2292
2293
2295
2296
2297
2299
2300
2301
2303
2303
2304
2305
2305
2307
2308
2308
2309
2311
2312
2312
2312
2313
2315
2315
2316
2316
2316
2317
2317
2317
2318
2318
2318
2318
2318
2318
2318
2319
2319
2317
2319
2318
2318
2317
2317
2317
2317
2316
2317
2315
2315
2314
2314
2313
2312
2311
2311
2310
2310
2308
2308
2306
2306
2305
2304
2303
2300
2300
2300
2298
2297
2296
2295
2293
2292
2291
2289
2288
2287
2285
2283
2282
2281
2279
2277
2276
2274
2272
2269
2269
2266
2265
2264
2261
2259
2257
2255
2253
2251
2248
2248
2245
2240
2241
2237
2236
2234
2231
2229
2227
2225
2222
2221
2217
2216
2212
2207
2207
2204
2201
2199
2196
2193
2190
2188
2185
2182
2179
2177
2174
2170
2169
2165
2163
2160
2157
2151
2152
2148
2145
2143
2139
2134
2134
2130
2128
2125
2122
2119
2116
2113
2110
2107
2104
2101
2098
2095
2092
2089
2086
2083
2080
2077
2074
2072
2068
2066
2063
2060
2057
2054
2052
2049
2046
2043
2040
2036
2034
2032
2029
2026
2023
2021
2017
2015
2013
2009
2007
2004
2001
1996
1997
1993
1991
1989
1985
1984
1981
1978
1976
1974
1970
1968
1965
1964
1961
1959
1956
1954
1951
1950
1947
1945
1943
1941
1938
1938
1934
1932
1930
1929
1926
1924
1922
1921
1919
1916
1915
1913
1911
1909
1908
1903
1905
1903
1901
1902
1898
1897
1895
1894
1893
1892
1889
1890
1887
1887
1885
1884
1883
1882
1881
1880
1879
1878
1876
1876
1875
1874
1873
1873
1872
1872
1871
1870
1870
1869
1868
1868
1868
1867
1867
1867
1867
1866
1866
1866
1866
1865
1865
1866
1866
1866
1866
1865
1866
1868
1866
1867
1868
1868
1869
1869
1870
1870
1870
1871
1872
1872
1873
1874
1875
1876
1877
1877
1878
1879
1881
1882
1882
1883
1885
1886
1887
1888
1889
1891
1892
1893
1895
1896
1897
1899
1900
1903
1903
1905
1907
1908
1910
1912
1913
1915
1917
1919
1921
1924
1924
1926
1928
1931
1933
1935
1937
1939
1941
1943
1945
1947
1949
1953
1954
1954
1959
1960
1962
1965
1968
1971
1973
1977
1979
1982
1985
1987
1990
1992
1995
1998
2001
2004
2006
2009
2012
2015
2017
2018
2023
2026
2029
2032
2035
2038
2041
2044
2047
2050
2052
2056
2058
2062
2065
2068
2071
2073
2077
2080
2082
2086
2089
2092
2095
2098
2101
2104
2107
2110
2113
2116
2119
2121
2125
2127
2130
2133
2136
2139
2142
2145
2148
2151
2154
2157
2160
2163
2165
2169
2171
2175
2176
2179
2181
2185
2187
2190
2193
2192
2198
2201
2203
2206
2209
2211
2214
2216
2219
2221
2223
2227
2229
2231
2234
2236
2238
2241
2242
2245
2247
2249
2251
2253
2255
2257
2260
2261
2264
2265
2267
2269
2271
2273
2275
2277
2278
2280
2281
2283
2285
2288
2287
2289
2290
2292
2293
2295
2296
2297
2298
2300
2301
2302
2303
2304
2305
2306
2307
2308
2309
2310
2311
2311
2312
2313
2313
2315
2314
2315
2316
2317
2316
2317
2317
2317
2317
2318
2318
2319
2319
2318
2318
2317
2318
2315
2318
2318
2317
2317
2317
2318
2316
2317
2315
2315
2314
2313
2313
2313
2312
2311
2310
2310
2309
2308
2307
2306
2305
2304
2303
2301
2301
2299
2298
2299
2296
2295
2293
2292
2291
2289
2288
2286
2285
2283
2282
2280
2279
2277
2276
2274
2272
2270
2269
2267
2265
2264
2261
2259
2257
2255
2252
2250
2249
2247
2244
2242
2240
2237
2236
2233
2231
2229
2227
2224
2222
2220
2217
2215
2212
2210
2207
2204
2201
2199
2196
2193
2190
2188
2185
2182
2179
2177
2174
2171
2168
2165
2162
2160
2157
2154
2151
2148
2145
2144
2139
2137
2133
2131
2128
2125
2122
2118
2116
2113
2109
2107
2104
2101
2098
2095
2092
2090
2086
2084
2080
2077
2074
2071
2069
2066
2063
2060
2057
2054
2051
2049
2046
2043
2040
2037
2034
2032
2029
2026
2023
2020
2018
2014
2012
2010
2007
2004
2001
1999
1996
1994
1991
1989
1986
1983
1981
1980
1976
1974
1970
1969
1966
1964
1961
1960
1956
