1947
1973
2000
2027
2055
2083
2111
2138
2165
2192
2219
2245
2271
2296
2320
2342
2365
2385
2404
2421
2439
2453
2468
2479
2490
2499
2506
2511
2515
2517
2517
2514
2510
2504
2496
2486
2475
2463
2448
2432
2415
2396
2376
2355
2333
2309
2286
2260
2235
2209
2181
2154
2127
2099
2071
2043
2016
1989
1962
1935
1911
1885
1863
1839
1817
1796
1777
1759
1742
1727
1715
1701
1691
1682
1676
1670
1666
1665
1665
1667
1672
1678
1685
1695
1706
1719
1733
1749
1767
1785
1806
1827
1849
1873
1898
1921
1948
1975
2002
2029
2057
2084
2112
2140
2168
2194
2221
2246
2269
2297
2321
2344
2365
2386
2405
2423
2439
2454
2468
2480
2491
2499
2506
2511
2515
2517
2518
2514
2509
2503
2495
2485
2475
2461
2447
2431
2414
2395
2376
2354
2332
2308
2285
2259
2233
2207
2180
2153
2125
2098
2069
2042
2015
1988
1961
1934
1909
1885
1862
1837
1816
1796
1776
1758
1743
1726
1710
1700
1691
1682
1675
1669
1666
1665
1664
1667
1672
1678
1686
1695
1705
1719
1735
1751
1768
1787
1807
1828
1850
1874
1898
1923
1949
1976
2003
2030
2058
2085
2113
2141
2168
2195
2221
2248
2273
2298
2322
2344
2367
2386
2402
2424
2440
2455
2466
2480
2491
2500
2506
2511
2517
2517
2518
2514
2509
2503
2496
2485
2474
2461
2446
2431
2413
2394
2375
2353
2331
2308
2283
2258
2232
2205
2179
2151
2124
2096
2069
2041
2013
1986
1958
1933
1908
1884
1857
1837
1815
1793
1775
1757
1741
1725
1712
1700
1690
1681
1674
1669
1666
1665
1664
1668
1672
1678
1686
1696
1707
1721
1734
1751
1768
1788
1808
1829
1852
1875
1900
1924
1951
1977
2004
2032
2058
2087
2114
2142
2169
2196
2223
2249
2275
2299
2323
2345
2368
2388
2407
2425
2441
2455
2469
2481
2491
2500
2507
2512
2515
2517
2517
2514
2511
2503
2495
2484
2473
2460
2445
2429
2412
2393
2373
2352
2330
2307
2282
2256
2232
2205
2177
2150
2123
2095
2067
2039
2012
1985
1957
1932
1907
1882
1858
1836
1814
1793
1774
1756
1740
1725
1711
1699
1691
1681
1674
1669
1666
1665
1665
1668
1674
1679
1687
1696
1707
1721
1736
1752
1769
1788
1809
1830
1853
1876
1901
1925
1952
1978
2006
2033
2061
2088
2116
2143
2171
2197
2224
2250
2275
2301
2324
2346
2368
2388
2408
2425
2441
2456
2470
2481
2494
2500
2507
2512
2515
2517
2517
2513
2505
2502
2494
2484
2473
2459
2445
2428
2411
2393
2374
2351
2329
2305
2280
2255
2229
2203
2177
2149
2121
2093
2066
2038
2011
1983
1957
1930
1905
1881
1856
1834
1813
1793
1773
1755
1739
1724
1710
1698
1689
1681
1674
1669
1666
1664
1664
1667
1673
1679
1687
1696
1708
1721
1737
1752
1770
1789
1810
1831
1854
1877
1901
1927
1953
1980
2007
2035
2062
2089
2117
2145
2173
2199
2226
2251
2277
2302
2325
2347
2369
2389
2407
2426
2442
2457
2471
2482
2492
2501
2509
2512
2517
2517
2517
2513
2509
2501
2494
2484
2472
2459
2444
2428
2410
2391
2371
2349
2327
2304
2279
2254
2228
2202
2175
2147
2120
2092
2065
2037
2009
1982
1956
1929
1906
1880
1856
1833
1812
1791
1772
1754
1738
1724
1710
1698
1689
1680
1674
1669
1666
1664
1665
1668
1673
1679
1688
1697
1708
1722
1737
1753
1771
1790
1811
1832
1855
1879
1903
1928
1954
1981
2009
2035
2063
2091
2119
2146
2174
2201
2228
2253
2276
2303
2327
2349
2370
2391
2409
2427
2443
2457
2471
2483
2493
2501
2508
2513
2515
2517
2517
2513
2505
2501
2493
2483
2471
2458
2445
2427
2409
2391
2370
2349
2326
2303
2277
2253
2229
2200
2170
2146
2119
2090
2063
2035
2008
1981
1955
1928
1903
1879
1855
1832
1811
1790
1771
1753
1737
1722
1710
1697
1688
1680
1674
1669
1666
1665
1666
1669
1675
1680
1688
1697
1709
1723
1738
1754
1773
1791
1812
1833
1856
1880
1904
1929
1956
1982
2009
2037
2064
2092
2119
2147
2175
2202
2228
2253
2281
2304
2328
2350
2373
2391
2411
2428
2445
2458
2472
2483
2493
2501
2509
2513
2516
2517
2517
2513
2508
2501
2493
2482
2471
2457
2442
2426
2409
2389
2369
2348
2327
2301
2277
2251
2225
2199
2172
2145
2116
2089
2061
2034
2007
1979
1953
1927
1902
1877
1855
1831
1810
1789
1771
1753
1736
1722
1709
1697
1688
1680
1673
1668
1666
1664
1665
1669
1674
1680
1689
1698
1710
1723
1740
1755
1773
1793
1813
1834
1857
1881
1905
1930
1956
1983
2010
2039
2065
2093
2121
2149
2177
2203
2229
2255
2282
2305
2327
2351
2373
2393
2411
2429
2445
2459
2471
2484
2495
2501
2508
2513
2516
2517
2517
2513
2508
2501
2493
2482
2467
2457
2442
2425
2408
2388
2368
2346
2324
2301
2276
2250
2225
2197
2170
2143
2116
2088
2060
2033
2005
1978
1952
1925
1901
1876
1853
1830
1807
1789
1770
1753
1737
1721
1708
1696
1688
1679
1673
1668
1666
1665
1665
1669
1674
1681
1689
1699
1711
1725
1740
1756
1775
1793
1814
1835
1858
1881
1907
1932
1958
1985
2012
2040
2069
2095
2123
2151
2177
2204
2233
2256
2282
2305
2329
2352
2373
2393
2412
2430
2445
2459
2474
2484
2495
2503
2508
2513
2515
2517
2516
2513
2507
2500
2493
2481
2472
2457
2441
2425
2407
2388
2367
2345
2323
2299
2274
2249
2220
2197
2169
2142
2114
2086
2058
2031
2005
1977
1950
1924
1900
1875
1852
1829
1806
1787
1769
1752
1732
1721
1707
1696
1687
1678
1673
1668
1666
1664
1666
1669
1674
1681
1690
1699
1711
1725
1741
1757
1775
1794
1815
1837
1859
1883
1908
1933
1960
1986
2013
2041
2068
2096
2124
2151
2178
2205
2232
2257
2283
2307
2331
2353
2374
2394
2413
2430
2445
2460
2473
2485
2495
2503
2509
2513
2515
2517
2516
2512
2507
2500
2492
2481
2469
2455
2440
2424
