1723
1729
1735
1741
1748
1756
1763
1771
1779
1788
1797
1807
1816
1826
1836
1847
1857
1868
1879
1890
1901
1913
1925
1937
1945
1961
1974
1986
2001
2012
2025
2038
2051
2064
2077
2090
2104
2116
2129
2143
2156
2169
2181
2193
2206
2219
2232
2243
2256
2267
2279
2290
2302
2313
2324
2334
2344
2355
2365
2374
2383
2392
2401
2409
2416
2425
2432
2438
2445
2451
2457
2461
2467
2472
2472
2479
2482
2485
2489
2490
2493
2493
2495
2496
2497
2495
2494
2493
2491
2489
2489
2484
2482
2479
2474
2468
2463
2457
2452
2445
2439
2433
2425
2417
2411
2401
2392
2383
2373
2364
2354
2345
2333
2323
2312
2301
2291
2279
2269
2255
2244
2231
2220
2207
2195
2182
2169
2156
2144
2130
2118
2105
2092
2079
2066
2053
2040
2026
2014
2001
1989
1977
1963
1951
1940
1928
1917
1904
1893
1881
1871
1860
1850
1839
1829
1819
1809
1800
1792
1783
1775
1767
1757
1752
1745
1738
1732
1727
1721
1716
1712
1707
1703
1700
1697
1695
1693
1691
1689
1688
1687
1687
1688
1688
1689
1690
1692
1694
1696
1698
1702
1706
1711
1717
1722
1727
1733
1740
1747
1754
1763
1770
1778
1786
1795
1805
1817
1825
1835
1845
1855
1866
1877
1889
1900
1911
1923
1935
1947
1960
1972
1985
1995
2010
2023
2036
2049
2062
2075
2088
2101
2114
2127
2141
2154
2167
2179
2192
2202
2217
2229
2241
2253
2265
2277
2289
2300
2311
2322
2332
2343
2353
2363
2373
2381
2391
2399
2408
2416
2423
2430
2437
2444
2450
2455
2461
2466
2470
2473
2479
2482
2485
2488
2490
2492
2493
2495
2495
2495
2495
2497
2493
2492
2490
2488
2484
2481
2479
2474
2469
2464
2458
2455
2447
2441
2433
2426
2418
2411
2402
2393
2384
2375
2365
2357
2346
2335
2325
2314
2303
2292
2280
2269
2257
2246
2233
2221
2209
2197
2184
2171
2159
2145
2133
2119
2107
2092
2080
2069
2055
2040
2029
2016
2004
1990
1978
1966
1953
1941
1929
1918
1906
1892
1884
1873
1862
1851
1841
1830
1821
1812
1802
1793
1784
1777
1768
1761
1753
1746
1740
1733
1728
1722
1717
1712
1708
1704
1700
1697
1695
1693
1691
1690
1688
1687
1687
1687
1688
1689
1690
1692
1694
1693
1698
1701
1705
1711
1716
1721
1727
1731
1739
1746
1753
1761
1768
1777
1785
1795
1803
1813
1823
1835
1843
1854
1865
1876
1887
1898
1910
1921
1933
1946
1957
1970
1983
1996
2008
2021
2034
2047
2060
2073
2086
2099
2112
2125
2138
2152
2164
2177
2190
2202
2215
2227
2240
2252
2263
2275
2287
2299
2309
2320
2331
2341
2352
2361
2371
2381
2389
2398
2406
2415
2422
2430
2436
2442
2449
2455
2460
2462
2470
2474
2478
2481
2485
2488
2489
2492
2493
2495
2496
2496
2496
2495
2493
2493
2490
2488
2485
2483
2479
2475
2470
2465
2459
2453
2447
2441
2434
2427
2419
2411
2403
2395
2385
2377
2367
2357
2348
2337
2327
2316
2305
2294
2283
2271
2259
2248
2235
2223
2210
2198
2186
2173
2160
2148
2135
2121
2109
2092
2082
2070
2056
2044
2031
2017
2005
1993
1980
1968
1955
1943
1931
1921
1908
1896
1885
1873
1863
1853
1842
1832
1822
1813
1804
1794
1785
1777
1769
1762
1754
1748
1741
1734
1729
1720
1718
1713
1709
1704
1701
1698
1695
1693
1691
1690
1689
1687
1687
1686
1688
1688
1690
1692
1694
1695
1698
1701
1705
1709
1714
1719
1725
1732
1738
1745
1752
1760
1767
1775
1784
1793
1802
1812
1821
1831
1841
1852
1862
1875
1885
1896
1908
1919
1931
1944
1956
1968
1981
1993
2006
2019
2032
2045
2057
2071
2084
2097
2110
2123
2137
2150
2162
2176
2188
2201
2213
2226
2238
2250
2261
2273
2285
2297
2308
2319
2329
2340
2350
2360
2369
2379
2388
2397
2405
2413
2421
2429
2435
2442
2448
2454
2459
2463
2469
2474
2477
2481
2484
2487
2490
2491
2493
2494
2495
2495
2495
2494
2493
2493
2490
2489
2485
2483
2480
2476
2471
2466
2461
2455
2448
2444
2435
2429
2421
2413
2405
2396
2387
2378
2369
2359
2349
2339
2329
2317
2307
2295
2284
2273
2261
2249
2237
2225
2213
2200
2188
2176
2162
2149
2137
2124
2111
2097
2084
2070
2058
2045
2033
2020
2007
1995
1982
1970
1957
1945
1933
1921
1910
1898
1887
1876
1864
1856
1844
1832
1824
1813
1805
1796
1787
1780
1770
1763
1755
1748
1741
1736
1729
1724
1719
1714
1709
1705
1701
1698
1696
1694
1692
1690
1689
1688
1687
1688
1688
1688
1690
1691
1694
1695
1697
1700
1704
1709
1713
1719
1725
1731
1737
1744
1751
1758
1765
1776
1783
1791
1800
1810
1820
1830
1840
1851
1861
1871
1884
1894
1906
1920
1929
1941
1954
1967
1979
1992
2004
2015
2030
2044
2056
2069
2082
2096
2108
2122
2135
2148
2161
2174
2187
2199
2211
2224
2236
2248
2260
2272
2283
2295
2306
2317
2328
2338
2349
2359
2369
2377
2387
2395
2404
2413
2420
2428
2434
2440
2447
2453
2458
2460
2468
2473
2477
2481
2484
2488
2489
2492
2493
2494
2495
2496
2495
2495
2494
2493
2491
2489
2486
2484
2481
2479
2472
2467
2461
2456
2449
2443
2436
2428
2421
2414
2405
2397
2388
2379
2370
2360
2351
2340
2330
2320
2308
2298
2285
2275
2263
2251
2239
2227
2215
2203
2190
2178
2164
2152
2138
2126
2113
2100
2086
2074
2060
2048
2034
2021
2009
1997
1984
1972
1960
1945
1935
1923
1912
1900
1889
1878
1866
1856
1845
1836
1825
1816
1806
1796
1788
1780
1772
1764
1757
1749
1743
1736
1730
1725
1719
1714
1710
1704
1702
1696
1696
1694
1691
1690
1689
1688
1687
1686
1688
1690
1690
1691
1693
1695
1697
1700
1703
1710
1713
1719
1724
1730
1736
1743
1749
1757
1765
1773
1781
1790
1799
1809
1819
1828
1838
1849
1859
1871
1881
1893
1905
1916
1927
1940
1952
1964
1977
1989
2002
