2203
2258
2311
2360
2402
2438
2469
2492
2508
2515
2515
2504
2484
2459
2426
2386
2341
2291
2237
2180
2121
2062
2004
1946
1892
1841
1796
1757
1723
1696
1678
1668
1666
1672
1688
1710
1741
1779
1823
1871
1923
1979
2037
2097
2155
2214
2270
2322
2369
2411
2445
2475
2497
2510
2516
2513
2500
2481
2453
2417
2377
2330
2279
2224
2167
2108
2049
1990
1933
1879
1830
1785
1747
1716
1692
1675
1668
1666
1675
1693
1717
1749
1789
1833
1883
1937
1994
2052
2111
2170
2227
2281
2333
2379
2419
2453
2481
2500
2513
2516
2511
2497
2472
2445
2409
2366
2320
2267
2211
2153
2093
2034
1977
1921
1869
1820
1777
1740
1709
1688
1673
1666
1666
1678
1697
1724
1758
1798
1843
1895
1949
2007
2066
2125
2181
2241
2295
2345
2389
2428
2461
2486
2504
2514
2516
2508
2492
2468
2436
2399
2356
2306
2253
2197
2139
2080
2021
1963
1909
1856
1809
1767
1732
1704
1683
1671
1665
1669
1682
1702
1731
1767
1808
1856
1908
1962
2020
2079
2139
2197
2253
2306
2356
2398
2435
2466
2491
2506
2516
2515
2505
2487
2461
2429
2390
2345
2295
2241
2183
2124
2065
2007
1951
1896
1844
1799
1758
1725
1698
1680
1668
1665
1672
1686
1708
1739
1776
1818
1867
1920
1975
2034
2093
2152
2209
2265
2317
2366
2408
2444
2473
2495
2509
2515
2513
2501
2482
2454
2420
2379
2333
2283
2228
2171
2113
2053
1994
1937
1884
1834
1790
1750
1719
1694
1676
1666
1665
1674
1690
1714
1747
1786
1831
1880
1933
1989
2048
2108
2167
2224
2277
2329
2376
2417
2452
2479
2500
2512
2516
2511
2500
2476
2447
2411
2370
2322
2271
2215
2157
2098
2040
1981
1924
1872
1823
1780
1743
1712
1689
1674
1666
1666
1678
1695
1721
1755
1795
1840
1890
1945
2004
2061
2120
2179
2236
2289
2340
2385
2425
2458
2484
2503
2514
2516
2509
2493
2469
2439
2401
2359
2311
2257
2201
2143
2081
2025
1968
1912
1856
1812
1770
1734
1705
1685
1670
1665
1668
1682
1701
1729
1764
1805
1852
1903
1955
2015
2075
2133
2192
2248
2302
2351
2395
2433
2461
2489
2506
2515
2516
2506
2489
2463
2431
2393
2349
2300
2245
2189
2130
2071
2013
1954
1900
1849
1802
1761
1728
1700
1679
1669
1665
1671
1685
1706
1736
1773
1816
1864
1916
1972
2029
2089
2148
2206
2262
2314
2362
2405
2441
2470
2494
2509
2516
2514
2503
2483
2454
2423
2383
2337
2287
2232
2175
2117
2058
1999
1941
1888
1838
1792
1751
1720
1695
1677
1667
1665
1671
1689
1713
1744
1782
1825
1874
1927
1985
2043
2105
2161
2220
2274
2325
2372
2414
2449
2477
2498
2511
2516
2512
2498
2478
2449
2414
2373
2326
2274
2217
2161
2103
2044
1985
1929
1876
1826
1783
1745
1714
1690
1674
1666
1666
1676
1694
1719
1752
1792
1836
1887
1940
1997
2057
2115
2175
2232
2286
2337
2383
2422
2456
2483
2504
2513
2516
2509
2495
2472
2441
2405
2363
2314
2262
2206
2147
2089
2029
1972
1916
1863
1815
1773
1736
1706
1685
1671
1666
1668
1680
1699
1727
1761
1802
1849
1899
1954
2012
2071
2130
2189
2245
2298
2348
2392
2431
2462
2484
2505
2514
2516
2507
2490
2466
2433
2396
2352
2303
2249
2192
2134
2075
2016
1957
1904
1852
1805
1764
1729
1701
1682
1669
1665
1670
1684
1704
1734
1770
1812
1859
1912
1966
2025
2085
2145
2203
2258
2311
2360
2402
2439
2469
2493
2508
2516
2515
2503
2485
2458
2425
2385
2341
2291
2236
2179
2121
2061
2003
1946
1892
1841
1795
1756
1723
1696
1678
1668
1665
1673
1688
1710
1743
1779
1823
1872
1924
1981
2039
2098
2157
2215
2267
2321
2369
2411
2446
2474
2496
2509
2516
2513
2500
2480
2452
2417
2376
2329
2276
2222
2165
2106
2047
1988
1932
1879
1830
1785
1747
1715
1692
1675
1666
1666
1676
1693
1717
1750
1789
1833
1884
1937
1994
2053
2113
2171
2227
2282
2333
2379
2420
2453
2481
2500
2513
2516
2511
2496
2473
2444
2408
2366
2318
2265
2210
2153
2093
2035
1976
1921
1868
1820
1777
1740
1709
1687
1673
1666
1667
1679
1698
1724
1758
1800
1846
1896
1951
2009
2067
2127
2185
2241
2295
2345
2389
2429
2460
2486
2504
2514
2516
2508
2492
2468
2436
2399
2356
2306
2253
2197
2139
2080
2019
1962
1908
1856
1808
1768
1732
1704
1683
1670
1666
1669
1682
1702
1731
1767
1809
1856
1909
1963
2020
2079
2139
2196
2252
2306
2356
2399
2436
2466
2491
2507
2515
2515
2505
2486
2461
2428
2389
2344
2293
2240
2184
2125
2065
2007
1950
1895
1845
1799
1759
1725
1698
1679
1669
1666
1672
1686
1705
1739
1777
1820
1867
1920
1976
2034
2094
2152
2210
2266
2318
2366
2408
2443
2473
2496
2509
2516
2513
2501
2482
2454
2420
2379
2335
2283
2228
2171
2112
2052
1994
1936
1885
1834
1789
1749
1718
1694
1678
1667
1665
1674
1691
1715
1747
1786
1831
1880
1931
1990
2048
2107
2167
2224
2279
2329
2378
2417
2451
2479
2500
2512
2516
2512
2497
2476
2447
2411
2369
2321
2270
2215
2159
2098
2039
1981
1925
1872
1823
1779
1742
1711
1689
1673
1666
1666
1678
1695
1721
1755
1795
1841
1891
1945
2002
2061
2121
2179
2237
2290
2341
2386
2427
2459
2485
2503
2514
2516
2508
2493
2470
2438
2402
2358
2310
2257
2201
2143
2084
2025
1967
1912
1860
1812
1770
1735
1705
1685
1667
1666
1668
1680
1701
1729
1764
1805
1852
1903
1958
2015
2074
2133
2192
2249
2303
2352
2396
2433
2465
2489
2504
2514
2516
2506
2488
2463
2432
2393
2348
2299
2246
2189
2127
2071
2012
1954
1900
1848
1800
1761
1727
1699
1680
1669
1666
1670
1685
1706
1737
1773
1816
1864
1917
1972
2030
2089
2148
2206
2264
2314
2362
2405
2441
2471
2490
2509
2516
2514
2503
2483
2457
2423
2383
2337
2289
2232
2176
2116
2055
1998
1941
1887
1837
1792
1753
1720
1695
1677
1667
1665
1670
1689
1713
1744
1782
1826
1875
1928
1985
2043
2102
2162
2220
2275
2327
2373
2415
2449
2477
2498
2511
2516
2512
2498
2477
2449
2414
2373
2326
2274
2220
2161
2103
2043
1985
1928
1876
1826
1782
1745
1713
1691
1674
1666
1667
1676
1694
1720
1753
1791
1836
1887
1942
1999
2058
2116
2175
2232
2286
2337
2383
2423
2456
2483
2501
2513
2515
2509
2495
2472
2441
2405
2362
2314
2262
2204
2147
2087
2029
1971
1916
1863
1815
1772
1737
1708
1686
1672
1666
1668
1680
1698
1727
1761
1800
1848
1899
1953
2012
2071
2130
2189
2245
2298
2348
2392
2431
2462
2488
2505
2514
2516
2504
2490
2466
2433
2392
2351
2301
2249
2193
2135
2075
2017
1959
1904
1852
1806
1765
1730
1702
1681
1669
1665
1670
1684
1704
1734
1770
1813
1860
1912
1968
2026
2085
2144
2202
2258
2311
2359
2402
2439
2469
2493
2508
2515
2515
2504
2485
2459
2425
2386
2341
2291
2237
2179
2121
2061
2004
1946
1892
1841
1796
1756
1722
1696
1678
1667
1666
1673
1688
1710
1742
1779
1823
1871
1924
1980
2039
2098
2157
2214
2269
2321
2368
2411
2446
2475
2497
2510
2516
2513
2500
2480
2452
2417
2375
2329
2280
2223
2165
2107
2048
1989
1933
1879
1829
1786
1748
1716
1692
1675
1667
1665
1675
1692
1717
1749
1789
1833
1883
1936
1993
2052
2112
2170
2227
2282
2333
2379
2419
2453
2481
2500
2513
2516
2511
2496
2474
2444
2410
2367
2319
2267
2211
2153
2094
2035
1977
1921
1865
1820
1777
1740
1709
1688
1672
1666
1667
1679
1697
1725
1759
1799
1845
1895
1949
2007
2066
2125
2184
2241
2293
2344
2389
2428
2461
2486
2504
2513
2516
2507
2492
2468
2436
2399
2355
2307
2253
2197
2140
2080
2022
1963
1908
1857
1809
1767
1732
1704
1683
1670
1665
1669
1682
1702
1731
1767
1808
1855
1905
1962
2020
2079
2140
2196
2253
2305
2355
2399
2436
2467
2492
2507
2515
2515
2504
2487
2461
2429
2389
2344
2295
2241
2184
2125
2066
2007
1951
1896
1846
1799
1759
1725
1698
1679
1669
1666
1672
1686
1708
1739
1777
1819
1867
1919
1975
2033
2092
2152
2209
2266
2318
2366
2408
2443
2473
2495
2509
2516
2514
2501
2482
2454
2420
2380
2334
2283
2228
2170
2112
2053
1994
1937
1884
1833
1789
1749
1718
1694
1676
1667
1665
1674
1691
1715
1747
1785
1826
1879
1932
1989
2048
2106
2165
2223
2278
2329
2376
2417
2451
2479
2499
2512
2516
2511
2497
2476
2444
2412
2370
2323
2271
2215
2159
2098
2041
1981
1925
1872
1824
1780
1743
1712
1689
1673
1666
1666
1678
1695
1721
1755
1795
1840
1890
1945
2001
2061
2120
2180
2237
2291
2341
2386
2426
2458
2484
2503
2514
2516
2509
2493
2470
2439
2402
2359
2311
2258
2201
2144
2085
2025
1969
1912
1860
1813
1771
1735
1705
1685
1670
1666
1668
1681
1700
1729
1763
1804
1850
1903
1959
2016
2075
2134
2192
2248
2303
2351
2395
2433
2464
2489
2506
2514
2517
2505
2489
2464
2429
2393
2349
2299
2248
2188
2129
2070
2011
1954
1900
1848
1802
1761
1724
1700
1681
1669
1665
1670
1685
1707
1736
1773
1815
1863
1916
1971
2029
2088
2148
2205
2261
2314
2362
2404
2441
2471
2494
2509
2515
2514
2504
2484
2457
2423
2383
2337
2287
2233
2176
2117
2058
1999
1943
1889
1838
1793
1754
1721
1695
1678
1669
1665
1673
1689
1712
1744
1781
1826
1875
1928
1985
2043
2102
2161
2219
2274
2325
2373
2414
2448
2478
2497
2511
2516
2512
2499
2479
2450
2413
2373
2327
2274
2221
2162
2103
2044
1986
1929
1876
1828
1783
1745
1714
1691
1676
1666
1666
1677
1695
1719
1752
1791
1837
1886
1940
1997
2056
2115
2174
2231
2285
2336
2382
2422
2456
2482
2502
2513
2516
2509
2495
2472
2442
2405
2362
2314
2262
2206
2148
2089
2030
1973
1917
1864
1817
1773
1737
1708
1686
1672
1666
1667
1680
1699
1723
1761
1801
1847
1898
1953
2011
2069
2130
2187
2241
2297
2347
2391
2431
2462
2487
2505
2514
2516
2508
2490
2467
2434
2397
2353
2301
2250
2194
2136
2077
2017
1960
1905
1855
1806
1765
1730
1702
1682
1669
1665
1670
1684
1704
1734
1769
1812
1859
1911
1967
2024
2084
2143
2201
2257
2310
2358
2401
2438
2469
2492
2508
2515
2515
2504
2485
2460
2427
2387
2342
2292
2238
2181
2122
2063
2004
1947
1893
1842
1796
1757
1723
1696
1679
1668
1666
1672
1688
1710
1741
1777
1821
1870
1922
1979
2037
2097
2154
2213
2269
2320
2370
2410
2445
2474
2497
2511
2516
2513
2500
2480
2452
2417
2376
2330
2279
2224
2167
2108
2049
1991
1934
1881
1831
1786
1749
1716
1693
1675
1667
1665
1675
1692
1717
1749
1789
1832
1882
1935
1992
2051
2110
2169
2225
2281
2333
2378
2419
2452
2481
2500
2512
2516
2511
2497
2475
2445
2409
2367
2320
2267
2212
2153
2095
2036
1977
1921
1869
1820
1777
1740
1710
1688
1673
1666
1667
1679
1696
1724
1758
1797
1844
1894
1949
2006
2065
2124
2182
2239
2293
2343
2388
2427
2460
2485
2505
2513
2516
2509
2493
2468
2437
2400
2357
2308
2256
2200
2141
2081
2022
1965
1909
1857
1811
1768
1733
1704
1683
1670
1666
1669
1682
1701
1729
1765
1808
1855
1906
1961
2019
2077
2137
2196
2253
2305
2355
2399
2436
2466
2490
2506
2511
2516
2505
2487
2461
2429
2390
2345
2297
2242
2186
2127
2068
2009
1953
1897
1845
1800
1760
1725
1698
1680
1669
1666
1671
1685
1707
1737
1775
1817
1865
1919
1974
2032
2092
2151
2209
2264
2316
2364
2407
2442
2469
2494
2509
2516
2514
2502
2482
2455
2421
2381
2335
2284
2229
2171
2113
2053
1994
1938
1885
1834
1791
1751
1719
1694
