1668
1665
1683
1719
1773
1840
1919
2005
2096
2186
2273
2349
2414
2466
2501
2517
2512
2487
2445
2387
2315
2233
2145
2054
1965
1881
1807
1746
1700
1673
1663
1676
1706
1755
1818
1895
1979
2069
2160
2248
2329
2397
2452
2493
2514
2515
2497
2459
2405
2337
2255
2172
2081
1991
1906
1828
1764
1712
1679
1664
1670
1695
1739
1798
1871
1953
2041
2132
2222
2304
2378
2437
2483
2509
2518
2505
2473
2423
2360
2284
2198
2109
2017
1930
1850
1780
1726
1688
1666
1666
1686
1724
1778
1848
1927
2015
2105
2195
2281
2357
2421
2471
2503
2517
2511
2484
2439
2380
2308
2225
2136
2045
1956
1873
1800
1740
1696
1671
1664
1678
1710
1761
1826
1903
1988
2079
2169
2257
2336
2404
2458
2495
2516
2514
2494
2454
2399
2330
2250
2162
2072
1981
1897
1820
1757
1708
1676
1664
1672
1698
1744
1805
1879
1962
2051
2143
2231
2313
2385
2443
2486
2511
2514
2502
2468
2417
2352
2274
2189
2099
2008
1921
1842
1774
1721
1684
1666
1667
1689
1729
1785
1855
1936
2024
2115
2205
2290
2365
2427
2475
2506
2518
2508
2480
2434
2372
2299
2214
2126
2034
1946
1864
1793
1735
1694
1669
1665
1681
1716
1767
1834
1912
1998
2088
2179
2265
2344
2410
2463
2498
2516
2513
2491
2449
2393
2322
2241
2153
2062
1972
1888
1813
1751
1703
1674
1664
1671
1703
1751
1812
1888
1972
2061
2152
2240
2321
2393
2448
2489
2513
2516
2498
2464
2410
2344
2266
2179
2089
1999
1913
1834
1767
1716
1680
1666
1669
1693
1734
1793
1864
1946
2034
2126
2214
2297
2372
2434
2479
2508
2519
2506
2476
2428
2365
2290
2205
2116
2024
1938
1856
1786
1729
1691
1668
1666
1684
1720
1774
1841
1920
2007
2098
2188
2274
2352
2417
2467
2501
2518
2512
2487
2443
2385
2313
2232
2143
2052
1962
1879
1805
1745
1699
1672
1662
1676
1707
1756
1820
1896
1981
2072
2162
2249
2329
2399
2453
2493
2514
2516
2496
2458
2404
2334
2256
2169
2079
1988
1903
1826
1761
1711
1679
1664
1671
1696
1740
1800
1873
1957
2045
2136
2225
2307
2380
2441
2483
2510
2517
2504
2471
2421
2357
2281
2196
2106
2015
1929
1848
1776
1724
1686
1666
1667
1687
1722
1780
1850
1930
2017
2108
2198
2282
2359
2423
2472
2504
2518
2510
2483
2438
2378
2305
2222
2133
2042
1953
1872
1799
1741
1695
1670
1664
1678
1712
1762
1828
1905
1990
2080
2171
2258
2337
2405
2458
2497
2515
2511
2493
2453
2397
2328
2247
2160
2069
1979
1895
1819
1755
1707
1676
1664
1673
1700
1745
1805
1881
1964
2054
2145
2233
2315
2386
2445
2487
2512
2517
2502
2466
2416
2350
2273
2187
2097
2006
1919
1840
1773
1719
1683
1666
1668
1690
1730
1787
1859
1939
2027
2118
2207
2291
2367
2429
2476
2506
2519
2508
2479
2433
2371
2297
2213
2123
2033
1944
1863
1791
1733
1692
1669
1665
1682
1716
1769
1836
1914
2000
2091
2181
2268
2345
2412
2464
2499
2516
2513
2489
2448
2391
2320
2238
2150
2059
1970
1886
1811
1749
1702
1674
1663
1674
1704
1752
1815
1889
1974
2064
2154
2242
2323
2393
2450
2490
2513
2516
2498
2462
2409
2342
2264
2177
2087
1996
1911
1832
1766
1714
1681
1665
1669
1694
1736
1794
1866
1948
2036
2127
2216
2300
2374
2434
2480
2509
2519
2505
2475
2426
2364
2288
2204
2114
2023
1935
1854
1784
1729
1689
1667
1666
1684
1722
1777
1844
1922
2010
2101
2190
2276
2354
2417
2469
2503
2517
2511
2486
2442
2383
2312
2229
2141
2050
1960
1877
1805
1743
1698
1672
1663
1677
1709
1757
1821
1898
1983
2073
2164
2251
2332
2401
2454
2494
2514
2516
2495
2457
2403
2333
2254
2168
2077
1986
1901
1825
1760
1709
1678
1664
1672
1696
1741
1801
1874
1957
2047
2137
2226
2309
2382
2440
2484
2510
2518
2503
2469
2420
2356
2278
2193
2103
2011
1925
1845
1777
1723
1685
1666
1666
1688
1726
1782
1852
1933
2020
2111
2200
2285
2361
2425
2473
2505
2517
2509
2482
2436
2376
2301
2220
2130
2040
1951
1869
1796
1737
1695
1669
1664
1680
1713
1764
1829
1907
1993
2084
2175
2261
2340
2407
2460
2497
2516
2514
2492
2452
2396
2326
2245
2158
2066
1977
1892
1817
1753
1705
1677
1664
1673
1700
1747
1809
1883
1967
2056
2147
2235
2317
2388
2446
2486
2513
2518
2500
2462
2414
2348
2271
2184
2093
2003
1917
1838
1771
1718
1682
1665
1668
1691
1732
1789
1860
1941
2029
2120
2210
2293
2368
2431
2477
2507
2519
2507
2478
2431
2369
2294
2210
2120
2030
1941
1860
1789
1732
1691
1668
1666
1682
1717
1770
1837
1916
2003
2093
2185
2269
2348
2413
2465
2500
2516
2513
2489
2447
2388
2318
2236
2147
2057
1967
1883
1809
1748
1701
1674
1663
1675
1705
1753
1817
1892
1977
2067
2157
2245
2326
2396
2451
2492
2514
2516
2497
2461
2407
2340
2261
2175
2084
1994
1908
1831
1764
1715
1680
1664
1670
1695
1737
1796
1868
1951
2039
2130
2219
2304
2376
2436
2481
2509
2519
2505
2473
2425
2361
2286
2201
2111
2020
1932
1852
1780
1727
1688
1667
1666
1685
1722
1777
1846
1925
2013
2103
2193
2278
2356
2420
2470
2503
2517
2511
2484
2440
2382
2309
2226
2138
2047
1957
1875
1802
1741
1697
1672
1664
1678
1709
1760
1824
1901
1986
2076
2167
2253
2333
2402
2456
2496
2515
2515
2494
2456
2401
2333
2252
2165
2075
1985
1899
1823
1758
1709
1677
1664
1672
1697
1743
1804
1876
1960
2049
2141
2228
2311
2383
2442
2485
2511
2518
2503
2469
2419
2354
2277
2191
2102
2010
1924
1844
1777
1722
1685
1666
1667
1688
1727
1784
1854
1934
2021
2113
2203
2287
2363
2426
2474
2505
2518
2509
2481
2435
2374
2301
2217
2128
2037
1949
1867
1794
1736
1694
1669
1664
1680
1713
