1984
2029
2076
2122
2168
2213
2257
2298
2338
2375
2407
2436
2461
2482
2498
2509
2516
2518
2513
2503
2488
2469
2445
2417
2385
2351
2312
2271
2229
2183
2138
2091
2046
2000
1955
1912
1871
1832
1796
1765
1737
1713
1694
1679
1668
1665
1665
1672
1683
1698
1719
1744
1774
1805
1843
1882
1923
1967
2012
2058
2105
2151
2196
2241
2283
2324
2361
2395
2425
2452
2473
2492
2507
2514
2518
2515
2507
2495
2477
2454
2428
2398
2367
2327
2287
2245
2201
2156
2109
2063
2017
1972
1928
1885
1847
1810
1775
1747
1722
1700
1684
1672
1666
1663
1668
1678
1692
1710
1734
1761
1793
1828
1866
1907
1950
1995
2041
2087
2133
2179
2224
2266
2308
2347
2382
2414
2442
2466
2485
2501
2511
2516
2517
2510
2500
2484
2464
2439
2410
2378
2342
2304
2262
2219
2173
2127
2081
2035
1989
1945
1903
1861
1824
1789
1758
1731
1708
1690
1676
1668
1665
1666
1674
1686
1702
1724
1751
1781
1814
1851
1891
1933
1977
2023
2068
2115
2162
2207
2251
2292
2332
2369
2402
2432
2457
2478
2496
2508
2515
2518
2513
2504
2491
2472
2449
2421
2393
2356
2319
2278
2235
2191
2145
2098
2052
2006
1961
1918
1876
1837
1802
1769
1741
1716
1696
1681
1670
1666
1664
1670
1680
1695
1715
1740
1768
1800
1837
1875
1913
1960
2005
2051
2098
2144
2189
2233
2277
2317
2355
2390
2421
2448
2471
2490
2504
2513
2517
2516
2509
2497
2481
2458
2433
2403
2370
2333
2293
2252
2209
2162
2116
2070
2024
1979
1936
1892
1853
1815
1781
1751
1725
1703
1687
1673
1666
1664
1667
1676
1689
1707
1730
1757
1787
1823
1860
1901
1944
1988
2034
2080
2127
2173
2217
2261
2303
2341
2377
2409
2438
2463
2484
2500
2510
2516
2518
2512
2501
2487
2467
2443
2415
2383
2348
2309
2269
2225
2182
2134
2087
2041
1996
1951
1908
1867
1829
1794
1762
1734
1711
1693
1678
1668
1664
1664
1672
1683
1699
1721
1746
1776
1806
1845
1884
1927
1971
2017
2062
2109
2155
2201
2244
2287
2327
2364
2397
2428
2454
2476
2494
2507
2514
2518
2514
2506
2493
2475
2452
2426
2395
2361
2324
2284
2241
2197
2152
2105
2059
2013
1967
1924
1882
1843
1807
1773
1745
1720
1699
1682
1672
1665
1664
1669
1678
1693
1713
1736
1764
1796
1832
1870
1911
1955
1999
2045
2092
2138
2183
2228
2271
2312
2351
2385
2417
2445
2468
2488
2503
2512
2517
2516
2510
2499
2482
2461
2437
2407
2375
2338
2300
2257
2214
2169
2123
2077
2031
1985
1940
1897
1858
1820
1786
1755
1729
1706
1686
1675
1669
1663
1666
1674
1687
1704
1727
1753
1785
1817
1855
1895
1937
1981
2027
2073
2120
2166
2211
2255
2297
2336
2372
2405
2433
2460
2481
2497
2509
2516
2519
2513
2504
2489
2470
2446
2419
2387
2353
2314
2273
2231
2186
2141
2094
2048
2002
1957
1914
1873
1834
1799
1767
1738
1714
1695
1680
1670
1665
1664
1671
1681
1697
1718
1743
1772
1804
1840
1880
1921
1965
2010
2056
2102
2149
2194
2238
2281
2321
2359
2393
2424
2451
2473
2492
2505
2513
2517
2516
2508
2496
2477
2457
2429
2400
2367
2330
2290
2247
2204
2159
2112
2066
2020
1974
1930
1889
1849
1811
1778
1748
1723
1701
1685
1673
1666
1664
1668
1677
1691
1709
1732
1760
1791
1826
1863
1906
1947
1992
2037
2084
2130
2177
2221
2265
2305
2344
2380
2412
2440
2465
2485
2500
2511
2517
2517
2511
2500
2485
2465
2440
2412
2380
2344
2306
2265
2221
2177
2130
2084
2037
1992
1947
1905
1864
1826
1791
1759
1733
1709
1691
1677
1668
1664
1666
1673
1685
1701
1723
1749
1780
1812
1849
1889
1931
1975
2020
2066
2113
2159
2204
2248
2290
2330
2367
2400
2430
2456
2477
2495
2508
2515
2518
2514
2505
2492
2473
2449
2424
2392
2359
2320
2280
2237
2193
2148
2101
2054
2009
1964
1921
1879
1840
1804
1771
1741
1718
1697
1681
1670
1666
1664
1669
1680
1695
1714
1740
1767
1799
1835
1873
1914
1957
2003
2048
2095
2141
2186
2232
2274
2315
2353
2389
2419
2447
2470
2489
2503
2513
2517
2515
2509
2498
2481
2459
2434
2403
2372
2336
2296
2254
2211
2166
2119
2073
2027
1980
1937
1895
1854
1817
1783
1753
1727
1702
1687
1674
1667
1664
1667
1675
1689
1705
1729
1755
1786
1820
1858
1898
1941
1985
2031
2077
2124
2170
2215
2258
2299
2339
2375
2407
2436
2461
2482
2498
2510
2516
2517
2512
2503
2488
2468
2445
2416
2385
2349
2311
2270
2226
2182
2137
2091
2044
1998
1953
1910
1869
1831
1796
1764
1736
1712
1694
1679
1669
1665
1665
1672
1683
1698
1720
1744
1774
1808
1844
1882
1925
1968
2015
2060
2106
2152
2197
2242
2284
2325
2362
2396
2426
2452
2475
2493
2507
2514
2518
2515
2507
2494
2476
2454
2428
2397
2365
2326
2286
2244
2199
2154
2108
2062
2016
1970
1926
1885
1845
1809
1775
1746
1721
1699
1684
1672
1666
1663
1668
1678
1692
1711
1735
1762
1793
1829
1867
1908
1952
1996
2042
2088
2134
2180
2225
2269
2309
2348
2383
2415
2443
2466
2487
2501
2512
2516
2517
2511
2500
2484
2463
2438
2412
2377
2341
2302
2260
2217
2172
2126
2080
2033
1987
1944
1901
1860
1823
1788
1757
1730
1708
1690
1676
1668
1664
1666
1674
1685
1703
1725
1751
1781
1815
1853
1893
1935
1979
2024
2071
2117
2163
2208
2252
2294
2334
2370
2404
2433
2458
2480
2497
2508
2515
2518
2513
2504
2491
2471
2445
2420
2390
2355
2317
2277
2234
2189
2144
2097
2053
2004
1960
1917
1875
1836
1800
1768
1740
1715
1695
1681
1670
1665
1664
1670
1678
1695
1716
1740
1769
1801
1838
1876
1918
1961
2009
2052
2099
2145
2191
2235
2276
2319
2357
2391
2421
2448
2472
2490
2505
2513
2517
2516
2509
2497
2480
2457
2432
2402
