2245
2242
2241
2238
2237
2234
2232
2229
2227
2225
2224
2221
2218
2215
2213
2210
2208
2205
2202
2199
2197
2193
2191
2188
2185
2183
2180
2177
2175
2172
2169
2166
2164
2161
2159
2155
2152
2149
2147
2143
2141
2137
2135
2132
2129
2125
2123
2120
2119
2113
2111
2108
2106
2102
2099
2096
2093
2090
2087
2084
2081
2078
2076
2073
2070
2067
2064
2061
2058
2055
2053
2050
2047
2044
2042
2038
2036
2033
2031
2027
2026
2022
2019
2017
2013
2011
2008
2005
2003
2000
1997
1995
1992
1990
1987
1985
1982
1980
1977
1975
1972
1969
1967
1965
1962
1960
1957
1955
1953
1951
1949
1946
1944
1942
1940
1937
1935
1933
1932
1929
1927
1925
1923
1921
1920
1917
1916
1914
1913
1911
1909
1908
1906
1905
1902
1901
1900
1898
1897
1895
1893
1892
1891
1890
1889
1887
1886
1885
1883
1882
1882
1881
1880
1879
1878
1876
1876
1875
1874
1873
1873
1872
1872
1871
1870
1870
1869
1869
1868
1868
1868
1868
1867
1866
1865
1866
1868
1867
1866
1866
1867
1866
1864
1866
1866
1867
1867
1868
1870
1868
1869
1869
1869
1870
1871
1871
1872
1872
1873
1874
1875
1876
1876
1877
1878
1879
1880
1881
1882
1883
1886
1885
1886
1888
1889
1890
1891
1892
1894
1896
1896
1898
1900
1901
1903
1905
1906
1908
1909
1911
1914
1914
1917
1918
1920
1921
1923
1925
1928
1929
1931
1933
1935
1937
1939
1942
1944
1946
1949
1951
1952
1954
1957
1959
1962
1963
1966
1969
1972
1975
1977
1980
1983
1985
1988
1991
1993
1996
1996
2001
2005
2007
2010
2013
2017
2018
2021
2024
2027
2029
2033
2035
2038
2041
2044
2047
2050
2053
2056
2059
2062
2065
2068
2071
2075
2077
2080
2083
2085
2089
2093
2094
2098
2101
2104
2106
2109
2112
2116
2119
2122
2125
2126
2130
2133
2136
2139
2142
2145
2147
2151
2153
2157
2159
2162
2165
2167
2171
2173
2177
2179
2181
2184
2187
2190
2192
2194
2197
2201
2203
2205
2208
2211
2213
2216
2218
2221
2223
2226
2228
2231
2233
2235
2237
2241
2242
2244
2247
2249
2251
2253
2255
2257
2259
2262
2263
2265
2267
2269
2271
2273
2274
2276
2277
2280
2281
2283
2285
2285
2287
2289
2290
2292
2293
2295
2295
2297
2298
2301
2300
2302
2303
2304
2305
2306
2306
2307
2308
2309
2310
2311
2312
2312
2313
2313
2314
2314
2314
2316
2316
2317
2316
2317
2317
2317
2317
2318
2317
2319
2318
2319
2318
2317
2317
2318
2317
2317
2317
2316
2315
2315
2315
2315
2314
2314
2313
2312
2312
2311
2310
2309
2308
2308
2306
2306
2305
2304
2303
2302
2301
2300
2298
2297
2296
2292
2293
2292
2291
2289
2288
2288
2285
2280
2282
2280
2279
2278
2275
2272
2273
2271
2269
2267
2265
2264
2262
2259
2257
2255
2253
2252
2249
2247
2245
2242
2241
2239
2237
2234
2232
2229
2227
2225
2223
2221
2218
2216
2213
2211
2208
2205
2202
2200
2197
2194
2191
2189
2185
2184
2181
2177
2175
2173
2169
2166
2164
2163
2158
2155
2152
2149
2146
2144
2141
2138
2135
2132
2129
2127
2123
2120
2117
2114
2112
2109
2106
2103
2099
2097
2094
2091
2087
2084
2082
2079
2076
2074
2071
2068
2065
2062
2059
2056
2053
2051
2048
2045
2041
2039
2037
2033
2031
2028
2025
2022
2020
2017
2014
2011
2009
2006
2003
2001
1998
1996
1993
1991
1988
1985
1983
1981
1978
1975
1972
1970
1968
1967
1963
1960
1958
1956
1953
1951
1949
1946
1945
1943
1940
1937
1936
1933
1932
1930
1927
1926
1924
1922
1920
1919
1916
1914
1913
1911
1909
1908
1906
1905
1903
1902
1900
1898
1896
1895
1894
1893
1892
1890
1889
1887
1886
1885
1884
1883
1882
1881
1880
1879
1878
1879
1876
1875
1874
1873
1873
1873
1872
1872
1871
1870
1869
1869
1868
1868
1867
1869
1867
1867
1866
1867
1866
1866
1866
1867
1866
1866
1866
1867
1867
1867
1867
1867
1868
1869
1869
1869
1869
1870
1871
1871
1872
1874
1873
1874
1874
1876
1876
1877
1878
1879
1879
1881
1881
1883
1884
1885
1886
1887
1889
1890
1891
1893
1894
1895
1896
1898
1899
1901
1902
1904
1905
1907
1908
1911
1912
1913
1916
1917
1919
1921
1923
1925
1927
1925
1932
1933
1934
1937
1939
1941
1943
1946
1948
1950
1952
1954
1956
1960
1961
1963
1965
1969
1971
1974
1976
1979
1982
1985
1988
1990
1993
1993
1999
2000
2004
2006
2009
2012
2015
2017
2020
2024
2026
2029
2031
2035
2037
2040
2043
2046
2049
2052
2055
2059
2061
2065
2068
2070
2073
2076
2079
2083
2085
2088
2092
2095
2097
2100
2103
2106
2109
2112
2114
2118
2121
2124
2127
2130
2132
2136
2138
2142
2145
2147
2150
2153
2156
2159
2161
2164
2167
2171
2173
2176
2178
2180
2184
2186
2189
2192
2194
2197
2200
2202
2205
2208
2210
2213
2216
2217
2220
2223
2225
2228
2229
2235
2235
2237
2239
2242
2244
2246
2248
2250
2253
2255
2257
2259
2260
2263
2265
2266
2269
2271
2273
2273
2276
2278
2280
2281
2282
2284
2285
2287
2289
2290
2291
2293
2294
2297
2297
2298
2299
2300
2301
2303
2304
2305
2305
2307
2307
2308
2309
2311
2311
2311
2312
2315
2314
2314
2314
2314
2315
2316
2316
2317
2317
2317
2317
2320
2317
2318
2318
2318
2318
2318
2318
2318
2317
2317
2317
2317
2316
2316
2316
2315
2314
2315
2313
2313
2312
2312
2311
2310
2309
2309
2307
2307
2306
2305
2304
2303
2302
2301
2300
2298
2297
2296
2295
2295
2292
2291
2289
2289
2287
2285
2284
2281
2281
2280
2277
2276
2274
2273
2271
2269
2267
2266
2264
2261
2260
2258
2256
2254
2252
2250
2248
2245
2243
2242
2239
2237
2235
2233
2229
2228
2225
2224
2221
2219
2216
2214
2211
2209
2205
2203
2200
2197
2195
2192
2189
2186
2184
2181
2178
2175
2173
2172
2167
2164
2162
